0.35641132907004675
0.2163186555399646
-0.07284463949486401
0.039306627937777304
0.28138556572654516
0.20265426519389157
-0.016718776875824574
-0.038542836034742914
-0.06897805628183955
0.17019826507706853
-0.7136123892709434
-0.7524786257259812
-0.25573031184640266
0.20667355270978138
-0.1717396162668396
0.15908785623024574
0.4065689330702501
0.3812471252049868
0.3057122920582599
0.5737942661711014
0.5689248160515872
0.47030796649493595
0.5793386417033182
0.7094030040876671
0.7753560670689892
0.7741306112150835
0.8574705474859411
0.5215089934781207
0.42889880313570894
0.29500045184986756
0.19224851472268306
0.5054027683392985
0.5726867090340906
0.638752934930145
0.5757790269429288
0.3554911164976249
0.584112594547298
0.3392947079196469
0.3621058966195145
0.48629656382236125
0.49575620911882046
0.8550690524252672
0.627911436542747
0.2900051613144766
0.27603054553105866
-0.038233362052267135
0.26379008140002713
0.3728580232815082
0.47027471031258605
0.392996376641156
0.02657411912528676
-0.003795047966134349
-0.17602697743262363
0.2731440748603504
0.011272851141850653
0.1990901359054354
0.24973149819908624
0.12316777405499348
0.48168543353844273
0.7427575885442912
0.577880695307375
0.012734849594839302
-0.12861566276661773
-0.002647733619470266
0.07060588838901359
-0.19156212992550076
-0.32149024916461344
-0.5950966467908831
-0.6561302108070531
-0.5499302370224569
-0.32793448054130053
-0.4621889729572135
-0.09000590283208934
-0.0808672878497967
0.3989733672605807
-0.2797855599100718
0.04441589290542975
0.5321340916239164
0.6852098225480336
0.5646298463822264
0.6588703384394081
0.7495432384208276
0.7089897491644663
0.3578162453323569
0.8312307569750454
0.9728949326182075
1.1253343525822979
1.03704935441056
0.9407237719896268
1.068833750054756
1.0478676884904268
0.88729599924815
0.8003342195092609
0.8275776422322153
0.1368302666070017
0.21761479355224012
0.4768144381324301
0.5531039585929542
0.6127079206403113
0.6380260113899214
0.8567385621119255
0.779707915329557
0.8704885091302491
0.6472730633890977
0.7286628697779798
0.831718592644656
1.0297651918458979
1.0491264891658314
1.0236213320963892
0.9455374472180998
0.831902399341188
0.804137355612933
1.0182769555437776
-0.27407723058514755
-0.5658295429185047
-0.6527590765979672
-0.5455002610991067
-0.40848800756520576
-0.2507906512645524
-0.04103471916569539
0.2009374277848931
-0.12763522541038952
-0.3750401319851789
0.17082231281995153
0.10543764909218091
0.21943315535852875
0.45519659704367055
0.6782300145354652
0.780961121688966
0.5953387856132517
1.076467155216686
1.1405431830011155
1.236245775293088
1.1960877894564514
1.0906901188180476
1.1938502827864113
1.101377727826061
0.6878343482947239
1.1513597909315967
0.8578195536055133
1.0572234084325787
-0.8082977441582947
-1.2540443523004967
0.4899476370683747
0.7799892519926592
-1.2476975507688384
0.6479199720443757
0.4540876114799678
0.6273461544659807
-2.1476833756607703
-2.5856591880705735
-1.1266470185619462
-1.0883735713641978
-2.1205051654390132
-2.065396816521044
-2.691994503223606
-1.9341094047423033
-1.7341508586479766
-1.7982608673021436
-2.5459495935303367
-3.0865546336092686
-1.61177630282529
-0.4437804669788439
0.03563480822225719
-0.11027694875989598
0.23429769393722666
0.5891457829653304
0.5711775766756115
0.8938555930543856
0.9382476437538357
1.079246280832385
0.9889787565809534
0.6303929788519802
1.2279121307112293
1.1842906299894846
0.8660418725029064
1.0809667669991843
1.2587619740969134
0.7212867136520313
1.0784259246071868
0.8356238010080073
1.0877314823847375
1.1798070852019318
0.11659719473809353
0.7212005950970416
0.8837242818514937
0.8536298234650572
0.2541355265562266
0.5816626283780121
0.6236411894268166
0.6281360630656239
0.876255600367735
0.7510242850251968
0.4986289621684997
0.6156814088146809
0.31001661255105256
0.033973552765648216
0.3101346223840005
-0.8715845221680445
0.08268181554779348
-0.2634695378869718
0.10639296780278394
0.20900681213237476
-0.31660703573025906
-0.514184692317361
-0.1724182168587391
-0.5543405029871942
-0.30481446942464185
-0.7714108765256802
-1.2810272661787923
-2.6832141847547275
-1.2690905912111756
-0.3489639051496859
0.16239922771130977
-0.12518608895458283
0.267792231066756
0.3924447910965505
0.35072213983138667
0.48330984316247816
0.5461005580388192
0.6504986390437177
0.8914267175905115
-0.15395054482445708
-2.5056956791251714
-0.4444962987675633
0.844201604538355
0.56861008468424
0.8551964652525085
0.41582646519830874
0.017602899518114022
-0.009480300991148407
-0.9084006187995378
-2.054258637964885
-1.734652658092824
-0.7993084202495271
-0.50077278254163
-0.8680044875800055
0.03357337722548964
0.09390312540664361
0.19993498350857208
0.42794750275769633
0.3868882229635751
-0.9958979337400886
-2.228154285813304
-2.200752079490326
-0.9260983768980291
-0.7789614623834693
-0.2700716488071844
-0.47431674600957463
-0.14720615169325219
0.4737089246204292
0.6892801543817664
0.1796416000873387
0.27156567462670095
-0.8531348574862678
-0.012154447985095861
0.2586373837386004
0.5182637531141702
-0.3105387656209102
0.2316370206816752
0.3241178945547053
0.47986956631919203
0.7885744010145248
0.2196792479765538
-0.1503575343018259
0.9399447129631517
1.1182297161851575
0.6555829122111075
0.5343026658569793
0.03195155368489533
0.5940623375155103
0.09755007979671623
0.20860577770508587
0.12503849446955884
0.00010642046898959659
-0.3805759861431616
0.14166285634815606
-0.41889078583196415
-0.6192897388933662
-0.763433624833056
-0.21833923123566318
-0.6822492834948652
-0.6259109228542258
-0.8001621137569321
-0.4898324858607175
-0.8790917325407117
-0.35215724618709576
-0.16088277666747114
0.017200634235739497
-1.1697804462751
-0.32020854143243493
-0.43548062761842066
0.33201103303638313
0.722039991134533
0.2868682134245836
0.4982944660097237
0.5556905230010452
0.8231104418949146
0.9421266234147689
0.9673846150600232
0.5300759894486633
0.7169671713927435
0.21845646936564717
-0.707546065682132
-1.3782567362306948
-2.1955911380800304
-1.1924449721963375
-2.666581094600948
-0.5632767496878383
-2.7406693997065745
-1.73397565237126
-0.3182642880125111
-0.5370858417778044
0.007315586018483061
0.2701852510090258
0.34931928590116423
0.4500653184423653
0.536976745763234
0.5953264287377098
0.3821219044453581
0.19474727812384318
0.33827963438371556
0.6325502264456992
0.7706797323497043
0.9935846162569077
0.38411061830197846
-2.683258446143117
-0.7893577526928208
-0.1847835432014589
-2.867824243067762
-0.4567608473986867
-0.03277194682046143
-0.09013352661917191
-0.10400325737179526
-0.19072675040107379
-0.3085328984678542
0.04338064163103674
0.303624433898394
0.40069113480437146
0.2715394255658993
0.22347079615954368
0.23577865739834525
0.5259656220670806
0.8232157886439702
0.5046891893467993
0.781223549686438
0.9228452780959066
0.3838974191054274
0.6666664212830016
0.28297024066317855
0.31808499831352405
0.06689213836685275
0.36358888291777575
0.5240590355682624
-0.8282611460129775
-0.5872541550292283
0.12022486364248676
-0.7579159361407597
-0.2740930417708216
0.7827936936205998
0.7699796337443221
-0.42869906840735794
0.0895787924792415
0.5311265723770949
0.23442212477454322
0.629049387681814
0.6356454921068326
0.4357040258489814
0.09087791829471582
0.7495649882681696
1.4659046561310562
0.3412046223480231
0.35884934806153485
0.8134356388419095
0.7689036656222317
0.8568471037466833
0.812933975510859
0.9987029112283972
0.8515605137405571
0.1833372334085573
-0.29868997341572756
0.26454155679223934
0.5591693200883378
0.7080881944912298
0.7636493667063868
0.2943465683319649
0.7629327244806126
0.9819169297955632
0.663037863898649
0.8585389845588748
0.9097179229331778
0.4076499183909719
0.4904104218997451
0.4654943431482818
0.69935114569965
-0.2580264816260631
0.28541705239692294
0.8154267319845514
0.7772990978429651
0.4778380566476451
0.03626297946247432
-0.7052164620601521
-0.3196859642268887
0.18528807674421227
0.6177143323262698
-0.25369411005624404
-0.010196852172622353
-0.04472045544569113
-0.22921498282944408
-1.7033116654959584
-1.569401334675306
-0.5191183099713639
0.04234765381625205
0.3156633126149665
-0.09693154506164998
-0.5949691513603871
-0.315403915691227
-0.08877974160705414
-0.22602168554476137
-1.702655214051626
-0.3800494179768376
0.15064662939647494
0.03428128161228454
-1.3959170817112094
-1.2723220743560846
-1.4936567493369892
-1.0508588058814972
-0.7483584049686065
-1.0538316121166411
-1.8318552594719855
-2.1355009288122537
-2.4245989182414216
-1.9149668901530281
-0.9185636905964022
-0.4244731663067419
-0.1341545059070927
-0.2783270106274335
-0.31995875489691783
-0.9827533593544466
-0.5523507531413471
0.0921597743292203
-0.6532221093638899
-0.6680943345534633
-0.12354729950362624
0.011939851210435306
0.6294213153176571
0.36996474690898296
-0.477151657917053
0.092655070436569
0.5059369436710739
0.7619542509506823
0.9449161378997917
1.0802620121203146
0.9704490876151184
1.0167221250271985
0.9886943675918912
0.6402135151755692
0.8839772774471694
0.6213772381854359
0.379200829298703
-1.249217463736496
-1.8780476953004572
-1.3793394174819633
-1.2654239922767656
-1.754080741988444
-0.9970108843897273
-0.11064315035620821
-0.7834141548060308
-0.5068247639214228
-0.4731384694720762
-0.49503604462885265
-2.248245547118556
-1.357036160101676
-0.5104162414038492
-0.09199871922144744
-0.2340239981756429
-1.5184063586499268
-1.357899781632571
-1.5207477868595165
-2.510095855321253
-2.4555426767712096
-1.7115018531379411
-2.56375918672545
-2.8065487219106666
-1.1533129738951031
0.1977353135716205
0.39902650438073617
0.13717244555515845
-0.12761716578326626
0.41686695748674174
-0.04026845661688226
0.1257667214278289
0.6179266459199593
0.4042126146487284
0.42647504730415564
0.6856752320528199
0.4303349505745606
0.6109311818155765
0.5620669324031979
0.5571307652054831
0.8331958010951301
0.34462865971694934
-1.77691434773015
-0.8343723085027024
-0.35862309401250747
0.0545578910576574
0.06928219195193545
-1.0222954150676584
-0.6418752789221505
0.410491201300755
-0.10771774066096086
0.6780675453335074
0.7700033688579071
-0.26491355087698354
0.6762168693801118
0.7319195623283656
0.8465535181377554
1.0919119514226479
1.0836609220084579
0.9374703008613255
0.8303817699582388
0.8728186510453375
0.4870221274932308
-0.43253299172096193
-1.9621128083601693
-1.0453663725637494
0.23796640406556585
0.55487630413326
-1.8449588591280996
-1.0146204143540505
-0.502892887002241
-0.010299649642053715
0.3658356427271554
0.29227947849201535
-1.7967627242694333
-2.633202446163805
-0.7835233874625932
-1.8679047830851625
-1.3602742155189216
-2.0481958830568696
-3.009101014029409
-0.9079114882535526
-0.6989281477361962
-0.9851156667788321
-0.3383348683487889
0.2986078909261216
0.33522885978618033
-0.08802884032915322
0.27109225178075746
0.41242674691650044
-1.3219872535850696
-0.5874206786756704
-0.19533855247497078
-0.4825016606368905
-0.9596874125300384
-2.54876261968345
-3.0330471827072545
-2.1002745620037584
-1.5458272845549799
-0.714246333079742
-0.5644682453928043
-0.7743837867177196
-2.52130596203742
-1.4807036207193507
-0.601698377946202
-0.24882467500621902
0.16443993837640036
0.22234742346313718
-0.0706391785459277
-0.7664780503803775
-0.9959206965211156
0.06405873861461282
0.388109919823476
0.16624540112628355
0.3834341123593267
-0.2114266130718046
0.03646585350331742
0.032725805017592605
-0.15465787082449606
-0.23465956454696024
-0.8571774237877305
-1.9077464956562784
-2.465247359113454
-2.9146439810596756
-2.5327198040640595
-1.4213269081482198
-1.1346850552979666
-1.9372407179632882
-2.2852838189864104
-1.4098215833837282
-2.145066954844163
-2.6920361337717247
-2.161758798196792
-2.4231228871411594
-1.766298537522146
-0.08186365044493961
-0.7869735383097269
-0.5396317271352905
-0.31353973071837077
-0.9402469305737329
0.2195400921359948
-0.25626819148891977
0.32852247543471913
0.7056748996138917
0.8386162993497336
0.3146089404540148
-0.16080497982260344
-1.1672875977802828
-0.3259318714835281
0.00518491855288666
0.24973594689588385
0.07553331293067099
-0.7714075082999456
-1.3623927983917448
-2.018887546968901
-0.6258262424664534
-0.7229516183239135
-0.8319627695247013
-0.7785790320280298
-1.7957329795407546
-2.7910521018668684
-3.156533797625166
-1.1210262033861607
-0.5992400906676401
-0.5643251508256676
-1.6223783438597972
-1.2268248149354657
-1.8670290375485723
-1.6740892694906953
-1.8837485015597777
-0.8971222654976678
-1.0904299821715615
-1.4750506673003638
-1.420498181014336
-1.7969278339741
-0.32445082752775345
0.1673142430606157
0.5060747379981103
0.5095926156451668
0.42192545182139396
0.47214392838620534
0.45404392578648967
0.3477213934634344
0.46488697089275066
-0.7482627006964188
-2.909642001367146
-1.1545442160272732
-0.5074805766144109
-1.152939903187619
-0.934371404175711
-0.9304106538771679
-0.3215779896375542
-0.8748015355709878
-0.8436301481359834
-1.0979813815119348
-2.0012669192054164
-2.818505047265171
-2.6557805134067416
-1.9643428719967952
-0.7169994188338961
-0.3478273936762314
0.2625999110768621
0.006698937884869494
0.28489156462237486
0.41747050899108595
-0.24033559038134222
0.30883418124769024
0.018798407478828653
0.5198603906091441
0.3344159917349099
0.6922191257111678
0.1990654692946896
0.6096641685615154
0.6751730515869685
0.1527793613384289
0.418241362706965
0.540566382655097
0.5701284862171061
-0.5799701333319891
0.058637502335324776
0.3008241553165766
0.41757246114082314
0.5734235826146918
0.6430655976535609
0.2279125163672489
-0.24414016636390418
-0.7325772381765469
-0.6323382935061469
-0.5273284566092848
-0.3800750462089545
0.3415592994733049
0.342946892079914
-0.2853585445544654
-0.6568591874930132
-2.2812546592862364
0.10021137326193859
-0.19131156096766033
0.21217350404048024
0.2034868936822979
0.07562676010095865
-0.6179598458545356
-0.745293155067575
-0.758310933298777
0.014442264181190469
-0.22517959726890147
0.04675622207174449
0.26138717442309856
0.5347381981820647
0.38817319826436525
0.4017933916399974
0.45142931851527157
0.20389983702447922
0.2693533911315429
0.042991413825966336
0.3039679245021245
0.3510105326119043
0.5338333053323965
0.12948291043931665
-0.21864446430699108
0.19622089763334372
0.3420949829613311
0.2573659456042557
0.2104220536817808
0.07565922208783644
0.43982196492486825
-0.16291684313717691
0.03578796001611189
0.1930938112835695
0.14378922966503666
-0.8612368762404943
-0.35099309056272976
-0.28938037336936284
-0.049312884626874325
0.031123241828318417
0.0001936320590558982
0.033967401140771764
0.03245313278354847
-0.16324252067057854
-0.4538598196897197
-0.643301947865825
-0.323571728536698
-1.014380041995948
-0.10920202655651769
0.46994489576213494
0.30225186750502225
-0.4858389688119349
-0.7011512130726671
-1.2125779576836322
-0.5112633558158252
-0.13414141579051836
0.170967633502228
-0.012490601061708732
0.11115736995709047
-0.4979976036199403
-2.4106283022908905
-1.7827432063737934
-0.5750449282502499
0.13586173224896625
0.062068386909031256
0.3131705833154512
0.04716286898345442
-0.19573704019652788
-0.21767130579768162
0.024983887724577616
0.10866839934157844
0.061401284326941516
-0.6484302841609637
-1.3383366097054148
-0.4205582077676424
-0.3509722722827223
0.03610039159008074
-0.07226104091852668
-0.4340292217696085
-0.2249742786482694
-0.47647300835596407
-2.0737996609362157
-2.455274596354307
-1.634917104706305
-0.33008071532376876
-0.1717642382983927
-0.34927410761308025
0.20206668279091888
0.4466860089463339
0.4826955510987196
0.06188918746758992
-0.6000931582364011
-0.7542071264138304
-0.5218123619826787
-1.1396010950261897
-2.5148631772508296
-1.5926803286770987
-1.2027973498886886
-1.2500826457192449
-2.1033775913688477
-2.7092843090759544
-2.13496509181704
-2.681701635535858
-2.572920264867796
-1.203581657512158
-0.2564109532047203
-0.05441152123123443
0.08154295269314701
0.24037820503912222
0.1271435686636912
0.12095661572542944
-0.7641259470742172
-0.8984041905632012
-0.2648455892071379
-0.23778263169933117
-0.6725134995858301
-1.812012014924704
-1.268877285495017
-0.21965141015289136
0.2480644151341892
0.47555101214333634
0.5278080639182822
0.3311347008710412
0.5614143927729174
0.7131600329787353
0.9385290871734758
0.7179404359370237
0.42231527792505397
0.732623633415882
0.766074771278568
0.7261735409359937
0.08705498554201198
0.33014154984324756
0.512394259470776
0.5551129063594231
0.4032317206847465
0.3243040070207795
0.17294806963006604
0.39031238681180425
0.34234035349988956
0.15709007600488
0.41769868317939873
-0.0836021268493896
0.10994175192419621
0.19533202176662628
-0.022261888883855663
0.29974999332015567
0.48891166006913767
0.47722298203592806
-0.040819950338461815
-0.29325010408843677
-0.15325556409066576
-0.990201424488936
-2.3080667532664925
-2.6215513986942445
-1.3674086863697184
-1.531372275205623
-2.9486285437513735
-2.9612639944751744
-0.9815707892220056
-0.15152901388709134
-0.2440042767559381
0.15721205306488517
0.165801574318248
0.22921037501664066
0.15072190740795804
-1.0442301714542952
-0.8149768650945564
-0.28836953968885026
-0.31433521569677714
-0.4623596517349085
-0.3116021325045998
-0.7387604402594512
-0.09915646226530074
-0.11161569816294216
-0.8895388339908833
-2.1400399589187957
-1.0864606821118277
0.208547123363381
0.12109249333037768
0.2435726140494731
0.5111122718745325
0.6908974387286535
0.39274963611155833
-1.0505533153919202
-0.4958911997722294
-0.02766019005262959
-1.298383640957337
-0.4045472711484453
0.2005418560807709
-0.01931114867950456
0.24229772899917262
0.24540187343854575
0.33373906450183977
0.3965931302849889
0.4114165450612928
0.2668770527251441
-0.004255926813184797
0.3654122866506671
0.019727606131068522
0.14415058031720146
-0.22354614985771698
0.1631245421888185
0.09205843759527663
-1.707873617884433
-2.664960296822706
-2.49906826105307
-0.9105574229013847
-1.4180954478125931
-0.19344848591583907
-0.19156715383529288
0.08648566512531541
-0.03182481159261277
0.12298022463886178
-0.16512232869202004
-0.008289407964977695
0.1397399185435917
0.05521937962296307
-0.8774753330200664
-0.4488831982316001
-0.5077723041793086
-1.4676312739164197
-2.275163204443951
-1.0978143497925816
-0.23690259712844974
-0.8145161579071674
-0.6691008983083709
-1.9176548001820157
-2.589977205706456
-1.6514157270066134
-0.6233793383841391
-0.5044153080247563
-0.2077038204235792
-0.576077350150866
-0.6001682704696218
-0.317064254785847
-0.06886634591956808
0.007350725885231953
0.03239356462041683
-1.251942016110662
-0.5784454478602227
0.09697469337959469
0.06855166084436871
0.27580055210305765
-0.3268318203473579
-0.591745860429137
-0.6652287840370579
-0.9204968565769014
-0.8015261065914989
-0.4263571855034091
-0.36198350062524937
-0.5204965733326076
-0.12988422911387815
-0.1328365941281892
0.3524114200469532
0.703196913477079
0.6952265688857275
0.7397966489564899
0.6180937175787242
0.6977793639297902
0.5347736684893085
0.17108539161909814
0.03372514621610358
0.3574767188929443
-0.257460458506017
0.210154130537912
0.1380086991328553
0.33757904549344475
0.5477192928440888
0.6473530823568248
-1.2060504293698135
-1.8385067943260722
-0.10248730038733374
-0.9649435198273101
-1.2075255359066495
-0.54785298189769
-0.8980638454938226
-0.7698953933276382
-0.2790138974919931
-0.28476539175663745
-0.46886495913318477
-0.7296421492441245
-1.0700414172735089
-0.6638722142790074
-1.853339765844485
-2.643873662835881
-1.6051036296666235
-0.12040011189033856
0.33103194657834034
0.34552126468422617
0.4343777218625488
0.5155062718474872
0.672457401592186
0.639712437096125
-0.05965430308369733
-1.2837229709864342
-0.2027153569011073
0.4500224826792488
0.33875708702097973
0.2108737458916723
-0.8442046248228328
-0.3993684905624374
-0.31830905837553913
0.23286530839707376
0.5073305498589129
0.21299409194174673
0.5628247523692657
0.3714329945396009
0.23259584514955312
-0.32299481972128036
-0.6159502665293959
-0.6597903364175901
-0.7099653560897827
-0.3651175342363008
-0.08606942957768933
0.33804255492222013
0.10792033751243942
0.48162855034886154
0.6737541376297727
1.0073598151114596
0.7976528595498024
1.0240238134230084
0.9829145972765947
-0.4316796660783755
0.5381424281136461
0.5885560539793511
0.5383231609975587
0.17789291917548422
0.08245433093591252
0.20747153440556554
0.07339047236043757
-0.23158791288952196
-0.4495761380593296
-0.19660562357031103
-2.867642492516037
-2.1413009373013168
-0.49079818755156707
-0.3369685550930205
0.12091645542103165
0.33500695420125676
0.4189126610638563
-1.0663097985908057
-2.8561323542368373
-1.260373427065441
-1.7442797946410908
-1.8662766539509217
-0.805780297830839
0.13799202940208788
0.42726809941240884
0.266527235896725
0.13555735096691934
-0.6582124914101513
-0.13081094026420528
0.15826297434194297
0.16858648513993268
0.0472199662000341
0.5023093260237967
0.6106376658599748
0.28669445571616414
-0.3090146761778534
-0.057039701057329056
-1.1039650009033541
-0.01485878803376591
0.22587007156455968
-0.13145451211672682
-0.694223561978214
0.18454613392528035
0.3728018182065157
0.14511123532490455
-0.7554763758756629
-1.2402744707258997
0.4514240235701717
0.5910589977170089
-0.3758709733877741
-0.7378994311099492
0.13883146115113176
0.36693231826688366
0.5193427389921791
0.3636257540353687
-0.5710674374019646
-0.43611196264084906
-0.08830665828769954
-0.25144898536975796
-1.6942490154435876
-0.3990385346759384
-0.4538932029841636
0.13800592075307494
-0.15047683238022774
-0.8980146102885536
-1.3843040126233779
-0.43889966346840675
0.37819684658142294
0.38801263211894
0.4214891195789905
0.7290740712441934
1.0329272608004485
-0.2790233599895309
0.21684480591662464
-0.47494201495792016
0.005967012638245284
-0.5579352429540848
0.6151023687777607
0.3042807647365954
-0.6384584262468618
0.019364209783644157
0.16115643339472696
0.09924419717887344
0.3745145013865748
-0.313677578401605
0.7401059507401377
0.9575069340811118
-0.061967188312833196
-0.5588827653005584
-0.8484136206585733
-1.1694454305748516
-0.9251620501555312
-0.7325770812062171
-0.1470037725669791
-0.012042085958911774
0.20458805555553095
0.28062943119077854
0.08056376363567506
-0.42179059961027143
0.32293755831564047
0.2542190905353855
-0.18162651338465058
0.27625392961267925
0.03398427905888167
0.4939054183832099
0.15690852163268487
0.6017899692490799
-0.3553161936189276
-0.5659690901242579
0.1165563846773279
0.10078714131242074
0.2007050037438347
-0.38453616796894347
-0.7106797151002875
-0.12225529492317917
0.25120610212394956
0.4336085251099171
0.654686549202278
0.5549901295628824
0.36513863597049234
0.6981433880779158
0.7762334533390685
0.9274104624497612
0.6251986578073565
0.5705060010699743
-0.8365147455476731
0.032697711829114885
-0.8488676356504703
-0.10368773283509791
0.2971473952668179
0.4921057947316483
-0.4305060495888495
-0.9093609870024535
-1.681432120552331
-0.7536290341852551
0.00904481689502841
0.0025050742491795255
0.08223703849578938
0.22276482595069913
-0.2698441433071638
-0.21432693769913264
-0.05122437417589991
0.18964143881609075
-0.08126170200713347
0.43493720818664516
0.2710326356257259
1.0232841581722434
1.080782450665413
0.9349422946739144
0.9671870572266945
-0.16903265119248784
-0.36029375682046316
-0.33668427435799947
-0.1928703042191371
-0.3098583726937478
0.40498100331327025
0.5423481319749595
0.9223551746082994
1.1161008292948675
0.9975964294792836
0.8897972646211979
0.3892434522287652
0.8121869746403327
0.7313055471996651
0.61164153405347
0.14986602606691085
0.3811734952438844
0.2005130631521851
0.2039850991180686
0.3924200562113077
-0.5116227447703262
-0.13137771082088295
0.20255651109605294
-0.39514848098872013
-0.5325054481555949
-0.5869642388190601
-0.2803629355672197
-0.8308497441729914
-0.29833644149619243
-0.1792939154787931
0.08381638772468349
0.0019594131328353765
-0.25240916459517426
-0.16805287313555828
0.06509527454433561
-0.6535784389457973
-1.3949024674452841
-1.593801278243754
-1.144344264140354
-0.8158344881342996
-0.4709624467720438
-0.4791461592962488
-0.6433172829225374
-0.8588127709730253
-0.7265777988206108
-0.5511562133901191
-0.1319950095285467
0.02317724531118019
0.20796741339626656
-0.058762726699557
0.0728676356667918
-0.09310913897735584
-0.5624330501242405
-0.33962977096929714
-0.6655694896145107
0.3208814518292657
0.41080535250897515
0.41120569800991824
0.5592085632661048
0.4615626738389227
0.18578834045180953
0.4110004086798036
0.4704707739389754
0.587441112809094
0.7384128571364339
0.47766948088429234
0.5106634217206347
0.44824546617739447
0.21416262958525617
-0.29154425224077973
-0.4874761363004213
-0.11025148437804107
-0.5561497783187817
-0.304728332934339
-0.32692441610057965
-1.729187130547168
-1.5960746080691894
-2.303434139372651
-2.5642224470207515
-2.491018234780863
-2.737012053170103
-2.1779256795509965
-0.42229175543857694
0.10570648552926062
0.22498927226372295
0.36059388059045683
0.3227151573863912
0.27384334641911356
0.5403582628568377
0.611844753087108
0.3984803491533804
0.2111630458019832
0.23975750034033816
0.0391522476914864
0.313932055683123
-0.27235034452104345
-0.22893614260216266
0.3386644624642489
0.4005016350544839
0.13251821816418713
-0.6958911740193865
-0.3180270711431706
0.015217348845861504
0.3957441122156137
0.4908782261802988
0.6185254403346665
0.7375706858574183
0.5727089446207191
0.5857248878271784
0.5722783411498509
0.5752918027211478
0.1791232931012161
0.37595327338666484
0.5834431019549551
-0.1134333220888296
0.2785272060302215
0.091863367183983
0.275266325018256
-0.4652171202039864
0.1938571169351227
-0.01887821781465486
-0.48889011984764696
-0.28777826720465727
-1.156484553678277
-1.6794334966154636
-1.2961394482039552
-1.8356559340265801
-1.3470461412178294
-1.3390506777105544
-2.379304391172117
-2.414737031618667
-2.4432771076842594
-2.8439914585883037
-1.4070931049453865
-0.24976738632017986
0.3816433587400235
-1.2395686708508593
-0.33892819900097026
-1.5802197182945392
-1.6706071546031074
-0.22498100557109973
-1.7169505817629975
-0.9544377732934872
-0.15789145263443044
0.4874625617564711
0.28205745402568294
-0.14204265296063734
-0.024707154646467347
-0.8673220318098656
-0.8817238111951766
-0.6742578889367996
-0.46068537656447806
-0.7466417165046542
-0.1557828388604639
0.15053105160891206
0.30012517111070625
0.18655458613357057
0.3774191940343049
0.5442839309892065
0.5892611273062539
0.2808392251896754
0.2714275662635425
0.05448049896111969
0.057089727660470796
0.4051921128596789
0.1639431830143105
-1.756645416492186
-1.972029823484637
-0.8672900496849159
0.03950891982438067
-0.21449367605655656
-0.118038607830134
0.4462672200244212
0.45365628820399584
0.5179350245193821
0.6715072606957446
0.5594326599702389
-0.5143258605032659
-1.4096968917184522
-0.31389203370745933
0.25932161729688963
-0.8085180087791273
-0.841091891050601
-1.1551727038675093
-2.091846108831026
-2.038308213819788
-1.024121276606859
-1.2423371074731586
-1.1028103750990923
-0.8015957037983774
-0.34790496162706896
-0.024142633378789656
0.3672670108350784
-0.24752269536950333
-0.4968856045692787
-1.0234102574335182
-0.6243438957464494
-1.0411788420539112
0.16515892447928776
-0.007630631999104409
-0.5707088239947218
0.2698243562976087
-0.9935386955207564
0.024338890889709183
0.6397772358546996
-0.9595945746831009
-0.931685384462414
-0.49086502771042245
0.09069295035189887
-0.47519722877885595
-1.5407351593412455
-0.9183252672165667
-0.386362248686556
-0.6141094030054561
-0.580889613029995
-0.42028903362640924
-1.412432807338262
-1.8872513550420797
-2.549830210537003
-0.4354119851376371
0.12585217330838244
0.4787568380716488
0.7068717550877466
0.20893995469854187
-1.0582263916469443
-2.319374527107416
-2.0906471353068365
-2.8782381998062934
-1.6603306034890333
-1.2853683007510288
-0.9388263561495627
-1.2347775034683284
-0.9548620835368976
-1.6098605291871224
-0.951807441028959
-1.7516087813783048
-1.5422460988056566
-0.027321003783699158
0.45135446747984986
0.16233138416710707
0.11768704273425838
0.5985228137506642
-0.3091137507268079
0.12843872734845596
0.15384196956022655
-0.33570414744830984
-0.7957435052107737
-1.1636773287536335
-2.508828659668021
-2.051624087101436
-2.3349317682662796
-2.5653513635676943
-2.009875744883956
-1.0520224944676655
-0.797615606623616
-0.45876808765001215
-0.8123010940641571
-0.49963768199465686
0.18453143812640177
0.14304404297459655
-0.768035514953733
-0.8101926381284863
-1.3573485546710637
-1.773253993788834
-0.533424114151
-0.8839723319156192
-1.5745804325209292
-1.0514942500199045
-1.6411048818292586
-2.051627543520732
-2.014156710462372
-1.4593020347279755
-0.8933685249936634
-1.4142963280989889
-1.9362253030763585
-2.01249656763368
-0.6937475076095128
-0.23760923570671566
-0.2570809430758166
-0.8203257865316759
-1.5470875996352291
-0.1258682331918853
-0.17798556954327271
-0.09815321038379966
-0.030277195232231588
0.09395944131420757
0.44893803463277315
0.7788238109492971
0.2927777854747817
0.7313350215823811
1.1517756331182587
1.058799896721915
1.4258763161996926
1.6531623089232466
1.6204950978076476
1.2273688113713535
1.3192098039898206
0.1361269446343964
0.7804354510554117
0.008688867394857996
0.6823262957406964
0.2357448573278103
0.499469690452119
0.7322021764380309
1.2883500348524988
0.9969829620768846
0.5829736644368353
0.42299470686088103
-0.5945170768682028
-0.08174353369192543
0.749512273472101
0.22256906360480228
0.55196250144914
0.32090278182688303
0.5526651477269422
0.9038416208680871
0.9682793719174466
0.895097359985725
0.9541155162232069
0.8989859473006971
1.0355515984761818
0.6797372098640159
1.0166291020605676
1.074721898130074
0.867975437336112
-0.6057733161508161
-1.3106686217105723
-1.8433857539265863
-0.5230804225668686
-0.7516461417981886
-0.15284612640216344
0.5334204056964559
0.7728416854520974
0.4102108511007325
0.7396715056136597
0.38517204675673267
1.1624339295301345
1.0628595389080924
0.7955932739669361
1.1723720598195022
0.9353173181176415
1.004662257910951
0.9754099562135163
1.1822769870101622
0.9973343775985162
0.7900331478267979
0.8779000479866081
-0.4511815619046151
0.45522888951798496
0.7939709764032787
0.973605077290447
0.5630223238336101
0.6561760258090217
0.5801687358265258
0.7259892164470126
0.7263162684624688
0.9039463881473875
0.7667623935465369
1.1314440809605928
1.1770070132814534
-0.11912717786145556
0.8027750577141306
-0.9297547875287586
-0.14029170486767933
0.5811719501574559
1.0299090199693421
0.9495509398504568
1.2597142876455412
1.248967066736076
0.4998290963259906
0.8174277760159008
1.3836120467789317
1.402693928629057
0.9545059426937242
0.08318692008360452
-0.4963291815262405
-1.805525876373469
-2.1212066497015574
-0.20431096747749505
0.8820155626615008
0.8833640920432846
-0.7764307682910903
-2.4049363494518974
-1.9080223202880264
-0.7224763119704871
-0.6705156196305464
-0.8452788727465173
-0.5135709687009891
-0.6843047591457354
-0.21996708797621362
0.42940242339306617
0.2567205925000098
0.5849155820144641
0.6088974341546511
0.5889422825214816
0.8518416467212389
0.5370684604942041
0.9155000585530416
1.0240187639499267
0.9670722099186176
0.9441630773317105
1.31560979835939
1.3715179275185565
1.2404578400027415
-0.025770494968022337
0.15408816176567847
0.1716281501052278
-1.293421580049141
-2.128181712994697
-2.8452586395540975
-3.307892952314162
-1.1173269348421189
0.2639847166257951
0.6167534941272368
0.7491391223028869
0.8774764219661217
1.010192134272109
0.8421405964211879
0.8023097444439258
0.616719756724651
1.0617764165141128
0.928060830634926
0.23244633880676685
-0.08002265309267259
-1.3505864516251662
-2.0145056401096335
-2.1659275515653036
-2.0283241589022674
-1.5656510091256315
-1.290895422462533
-1.0456877258868684
-1.9948443547959345
-1.0794733999414088
0.04855437506268738
0.16676302335631998
0.6934772333192866
0.27349600415510533
0.04269719756777559
0.12065594195103531
-0.13823040961484
-0.30756247079911925
0.10330764443945518
0.4059319569897732
0.483704270960114
0.4733635175147689
0.11033740479068163
-0.7598942221267799
0.5688833012880041
0.7499502238727083
1.0777431349190507
1.2535408091589406
1.3571961510313022
1.4292026703644973
1.484991502119479
1.5530753323031459
1.5419877265773763
1.5309546532417715
1.582689009506869
1.5073082063687668
1.7090799288300562
1.5058577136726605
1.6168592939224562
1.6850432830203121
1.8479059204717627
1.60865744699799
1.8129235345933365
1.832922280925527
1.814161277287815
1.4844967442403625
1.6402487866414084
1.5079451833296211
1.2563895329983474
1.552841937135766
1.4549905603754858
1.6045344790445297
1.6728901822887912
1.746264107864777
1.6076922887264613
1.8795478924914841
1.5055469369987253
0.9229745819370965
-0.18454177888707501
-2.1972689646000765
-2.616433697146301
-2.3541628824987866
-3.0357351846219998
0.2712398545834362
0.8670611051636364
0.5279523271044592
0.36357015816715577
0.5073090895400273
0.5849836716826426
0.3931880546661929
0.6909229877838794
-0.08526731290490928
0.24058399282096293
-0.1521443523343603
0.08399811568436272
0.3426588941215172
-0.4002143295289846
-0.6962723172561502
0.15402252811741135
0.9208141442667422
0.9253804202539421
0.2822618006520665
0.550358837667883
0.5202357386001676
1.0388219907566842
0.8899305660212953
1.144552516978253
1.250729154395119
0.5097287278478605
1.2242803302324583
1.5135653407873104
1.3654319281882477
1.1536535260632845
0.9162461129036459
0.9556924824088338
1.1119793772728321
1.046758446900238
0.9790512752537902
1.1443805188104499
1.0223300162647737
1.1538786837007373
1.3360813980200623
1.2158808705354256
0.3797769011581258
0.7942923049890933
1.0405982078328677
-1.9754370927956642
-1.923661640617888
-1.5527028748486484
-0.4867898299616784
-1.2988513404911874
0.06945920333243136
0.15852567689309638
0.058795246466248466
0.8656472331588344
0.6633205321454594
0.957352133080859
1.303279728653049
1.3473139432664916
0.7899455863927538
0.5194902838419038
0.5247006737629181
-1.2043303039786861
-2.071307243647951
-2.6986430095984164
-2.1700904442876134
0.0027330907727911753
-2.1014751839195607
-2.059733219195302
-0.5106606696805054
-0.676431915996742
-1.6886347170807057
-2.9874602687352465
-1.9409578658019104
-1.170723203365484
-0.8127444555799267
-0.1774830954649354
-0.018967751442993654
-0.4035800250466466
-0.7222022436020163
-0.8903271712650948
0.03519275561138193
0.5435617771814819
0.8304530128407298
0.9842969979093916
0.900701486826216
0.9551951887742764
0.8903201471651575
0.9962160591638454
0.3199318080589115
0.5443977187572553
-0.29537273757360294
0.4120537871620693
0.49685579511061784
0.3137547231625984
0.6979103662946531
1.0044053242386104
0.969535452181761
0.3875212551422641
0.8513607748495733
0.797467802125412
0.7774535815554847
0.18327674748565814
0.28081665464948385
0.17548823734353125
0.2298667151494576
0.2081903417579899
-1.5641507930367504
-0.9961449892214904
-1.9737720539631303
-2.4129974528982583
-1.2519286541451236
-0.7269568806236757
-0.6676189168041553
-2.4814939598381422
-0.6088653524898031
-1.302156367584802
-2.468612315488612
-0.461157873163911
-0.18993942476504205
-0.4401919609356934
-0.4714109946297862
-1.3464885083375477
-1.1152747913000638
0.010555788539148132
-1.2242966017310768
-1.6005804786703852
-2.3476132360707562
-1.9290320195222803
-1.951672182917783
-0.6847788125654974
-2.7445898167346305
-0.960470929531839
-2.1852783006400007
-2.026390854164283
-0.08164446833800619
0.7702362955555017
0.8680693979530565
1.089941493715777
0.9225354808645932
0.8946669253099235
-0.3982921142750901
-1.2672554736674657
-0.6666455974140348
0.40592440682152064
0.6422825860963409
0.5456356238652379
-1.5073413514313951
-0.47960406539337364
0.5453452162265041
0.6406352474086396
1.057706174502604
0.8975091649104531
1.0607302761233495
1.035004852073186
0.9312103839259307
0.9754648920604749
0.9357467740872515
0.9100443162247743
0.9472600035318852
0.8620093324858084
-0.8414599090032637
-0.2243491291796892
0.45418623746933384
0.885789788008376
0.3021570485094633
-0.7769512295561165
-3.0609671776923357
-1.0651055808015555
0.18451690269699744
-0.8634923978427675
0.5213596032197152
0.779875891781447
0.5236073282660226
-0.01566475088456237
-0.13214166757133222
-0.26223401803418245
-0.9961331345259428
0.10264947599563369
0.7251577485669431
0.6826125023226723
0.7250487770546611
0.9374303673055988
0.936953913624311
1.091496863367861
0.6260518221498432
-0.6372625339619131
0.23143689878048285
-1.4231250261209258
-2.208828218095071
-2.288375119402517
-0.14078404150350432
-1.963264935968659
0.23272725482282064
0.6493774152307707
0.9105799720933125
0.8736518043183782
0.5593278616974047
0.7006994260131397
-0.35812560878463073
0.6778406307012377
0.7274546809401765
0.34471286220432584
-1.262606246071358
-0.2601519594460117
0.3602741956056034
0.02056622169182043
-2.514274521417471
-0.6941696478954722
-1.6984312264773274
-0.4826108776430511
0.605386837827839
1.2104528224504125
0.9386104111245557
0.7789963163388461
-1.292162646760926
-0.5167285591203261
0.4703519346450107
0.09570621401114758
-2.227884602935001
-0.15467653888279143
-0.3300958783682856
-1.1863505343231255
0.20542484529788219
0.2029380413124779
-2.1861354891143123
-2.2507735937451323
-2.978799650867685
-2.305331224222854
-1.1736014997269375
-1.2487169457998182
-0.734400395336188
-0.7125577836702097
-0.8746126061686884
-0.8855403140975024
-0.7255512144261979
-0.23820938055665886
-0.7190148369912246
0.20077715714192473
0.09608976227658529
0.5445551191120397
0.40914209371536026
0.08927022607168364
-0.46702066874639203
-0.05229954578481487
-0.6489122056499825
-1.7258071434393012
-0.3585972566685993
-0.6686779506400299
-0.8049881364042857
-0.2195296681531954
-0.9928670305911992
-0.5670516152144427
0.012046234099205036
0.6147212500592341
0.8309398436139204
0.8779282373156406
0.6776655504737914
0.7672533089147754
0.24168655033842423
-0.1991275195311178
-0.16690258859613943
-0.5090361537453193
-0.44078675911449394
-0.01886551656179905
0.20082887898033047
0.013818970473560954
-0.3743591425368282
-0.2811884187320305
-2.165809236100517
-3.063761671881417
-2.9920090303231777
-2.9881332122753856
-2.7787561322381724
