0.39045621952025333
0.21868385318856629
-0.006055437216966178
0.017084634639442285
0.2751728787321698
0.15955643981883655
-0.02184424773686169
-0.05486002419317943
-0.07350644232850516
0.16265821054095786
-0.6944620290182191
-0.7589344770367845
-0.25698943680970876
0.1607373379873309
-0.22303862146655332
0.13196444248199315
0.36662271671229474
0.33011639256156344
0.27049928374290233
0.548213965976651
0.555558060726589
0.46659269550559757
0.5661229052603376
0.684721829806215
0.7743851985043366
0.7538326498251391
0.8648969394228718
0.5359514801675155
0.44253561399739305
0.3112611469722648
0.20779866903043653
0.4881253301462304
0.565029336221071
0.6210943523987997
0.5531474272805283
0.37382313268059797
0.5730406561754685
0.33571168581014255
0.3613167044013028
0.4787167097610052
0.4836644675321258
0.847087784445667
0.6028918857218823
0.2959408441727478
0.2825189810046651
0.0009102116060826088
0.25352446992933964
0.3669623461674487
0.44863546209699945
0.3666249085303822
-0.027319149997233005
-0.04320701681365181
-0.20423006386315118
0.23070262063256064
0.004222734142437179
0.20777083300100171
0.2564650838222551
0.11234804678683992
0.493199496463842
0.7376124675249875
0.5564359454064163
0.04580069101297211
-0.11740933175088153
0.03926944994434585
0.054874879285849144
-0.14405717002734544
-0.3147443098347429
-0.5708557879807823
-0.6520324762250341
-0.5544727638810413
-0.3667738388247388
-0.4614848113640937
-0.12101612583298216
-0.09737345017599064
0.3442079844617292
-0.2918440882115618
0.04862941763123754
0.520369346739078
0.6622832190218831
0.5052877290203142
0.6502152908285621
0.7529917179671847
0.7140179156279232
0.3465039318359002
0.8464180879889722
0.9862416201305235
1.1199896674806427
1.0741398012222438
0.9478933631846502
1.0869936252303396
1.0875388342406664
0.913278977607173
0.8298437739764308
0.8373642063994942
0.19515662143557902
0.22112113355442498
0.4858543058895817
0.5583646950691912
0.6076708195523157
0.6481691719146404
0.8611630071797285
0.7506793067198853
0.8702580316714041
0.6394509883186493
0.7583707926847265
0.8472159276987462
1.0578921194462203
1.0520499084162669
1.0510921533397695
0.9356640677676947
0.8298993603974604
0.8095549665211953
1.0601845701196666
-0.282284565819547
-0.5897114182487115
-0.6852407658750843
-0.5623095831000265
-0.4236490864185418
-0.2515318148857556
-0.05484159403612264
0.1499932632239642
-0.10929794190687972
-0.33532581135722317
0.1257199773749768
0.09187046543291881
0.1938619943022882
0.4374276560877767
0.6906070881085518
0.8505338432192231
0.6267182552538063
1.1207268881970824
1.1599383436837685
1.2413562738276878
1.201784627909176
1.1166075446281214
1.2134671372580006
1.0988894912635416
0.7407946340249523
1.1587216619322775
0.8861460179355651
1.094871245045231
-0.8307435470175354
-1.2657019026087912
0.4794216217083196
0.816835353696366
-1.2221937694016132
0.6770890521077739
0.4842477158914349
0.6302517641598591
-2.1938373176487223
-2.5068007260165763
-1.0644933477590404
-1.06504830520347
-2.159643399410745
-2.1616326984748073
-2.676840314595342
-1.8541234269191225
-1.6998546324163266
-1.7589396935611912
-2.4307418583646414
-3.0417784900640723
-1.6599951223717397
-0.4059835812809095
0.07500492708496666
-0.1157759563390352
0.24307378142456648
0.579724865132169
0.5600376409128562
0.8828162861580006
0.9737971077202574
1.082128891289487
1.0125610983315565
0.6156909920766821
1.2576493150504167
1.2117543699229005
0.913500024137781
1.1140113622317533
1.253758103234552
0.7459406746241811
1.077372388950645
0.8511634515535029
1.0964719221711148
1.2069741380257735
0.12387727483210564
0.7594188090176668
0.9553975122867335
0.9026080803353587
0.25702357102626183
0.6308780759811284
0.6744667218338931
0.6677073431877736
0.9178179777686923
0.7724487066870234
0.5120329504150816
0.6377652189633296
0.3265379748445082
0.03937183605810548
0.30268182959084566
-0.8630922220672976
0.114182948422461
-0.19251668423926713
0.18473802022123306
0.18945639001956543
-0.3408561985172899
-0.5610404382032564
-0.19963063931713468
-0.4997202567865511
-0.2851499131279466
-0.6955251486272813
-1.2307854382823018
-2.6506254285957414
-1.2638448159997737
-0.38400595554758854
0.18224663851662004
-0.12438403978029058
0.24754919198373498
0.3789501570675804
0.38649856683366135
0.45882618744640535
0.5263038184135426
0.6495909204485826
0.9279553347278549
-0.20227438451968305
-2.456495810572031
-0.38317423791414906
0.8150112620605601
0.6012649982647735
0.8665143030813844
0.43332642553694156
0.04337665102113033
0.013851622248608773
-0.9245153970956344
-2.0397246764628716
-1.6738102740025278
-0.7726981440556908
-0.461472833841975
-0.8450815720670306
0.004217160427602201
0.0480311801284249
0.18203756179289884
0.4089637969480946
0.38139341792708714
-1.0022997084069627
-2.1661854613288543
-2.2919510762255215
-0.9196332577309203
-0.7674530451342314
-0.25591814125745393
-0.4467888399087844
-0.17325712374355925
0.4728702972226243
0.6658690564440825
0.16346462092458164
0.2417140470188201
-0.9095923430413215
-0.028751626465917342
0.2695925149468352
0.5248135700035108
-0.35712278534009156
0.20027502054813603
0.2967170787477037
0.4636944885824791
0.818323256053747
0.2620943295837068
-0.1054147403411001
0.9282112922046473
1.104804622206277
0.6564604798242911
0.5328730671863828
0.02488355326368152
0.6138485556582706
0.11138664240439919
0.19947187166226388
0.1413067903522825
0.00554413669393548
-0.41416970181308144
0.059211098872911594
-0.4144070160680551
-0.6156111076858825
-0.7830026670870203
-0.19370137663548279
-0.7213344536011783
-0.6445771876984795
-0.8153085973799329
-0.47487530766395813
-0.9348279206932189
-0.3347708059937421
-0.16683213957911944
0.0009116609265127067
-1.177441936834665
-0.295185605971088
-0.44518963228594666
0.31248392942472747
0.7287312008439579
0.29674772838333185
0.5167781627545365
0.5645331839903494
0.8555390289569929
0.9601703556999642
0.988606517089285
0.5394340754138638
0.7369518760954824
0.24214458672046182
-0.7094733448342478
-1.362823841867511
-2.193605241895193
-1.105620764950857
-2.6119089117000924
-0.5957514018772021
-2.616144035040781
-1.5636904865462398
-0.31915292393699524
-0.56052581347243
-0.047811479558425365
0.24425733631106608
0.32093992847497776
0.43700551111923147
0.49849358874101624
0.5633303421092142
0.37918054446095084
0.20099622775972734
0.32990332308951753
0.6286388295276781
0.7746885428247288
1.0013349653903079
0.38411579368624027
-2.6168493639656556
-0.6848666093798887
-0.10873975051437525
-2.8173944958916937
-0.4305553398220565
-0.02530486377664906
-0.13335395230577332
-0.1382455416921983
-0.14672238911679078
-0.26755035942734695
0.02301756072178735
0.2770252006510582
0.37312568511993693
0.2674741968131179
0.226556043012088
0.2338971850255947
0.5435360539498795
0.8519119281759342
0.5686079929904269
0.8280697471417983
0.9629462687483771
0.3942096128573541
0.6936128576514068
0.29211404848233935
0.32349026686445514
0.08297321787385341
0.32350536798875607
0.4998632065844867
-0.877215394382034
-0.5978876934643875
0.08274998326625002
-0.8129089919817345
-0.26220347418295653
0.807965458028234
0.7481167992238943
-0.3858003988703925
0.06906795402801989
0.5539616172533879
0.2589369155400999
0.6361919495729514
0.6484830771249585
0.44469990292325823
0.12328459901014356
0.7736462087717103
1.4790750727563622
0.33539623476645286
0.31956908129653117
0.8260911112340297
0.7853035645259967
0.8885602255629087
0.8261570927761768
0.9964185862653567
0.8638859527122014
0.18812594422396908
-0.29578592842389606
0.2762588417973175
0.5778177591899678
0.7163937320317757
0.7789535914195184
0.2979502290947762
0.7890664263426737
0.9631624962755104
0.6627856966892249
0.8886974157850274
0.9327030417314033
0.3833571855835298
0.511280243898697
0.4524000473151508
0.7053706352158706
-0.2536929985845485
0.29242129959988916
0.8342547802588449
0.7984813979756185
0.4686397167013828
0.07507596606356734
-0.7032308511332769
-0.289674522387504
0.2013362668095058
0.6223070055054882
-0.25288873630544706
0.004443274314237796
-0.07445580146132853
-0.21753030998522324
-1.7571943808178703
-1.4767761453657324
-0.4763049787991518
0.047129782607623
0.28605506429540506
-0.10904298011417274
-0.5270759867477479
-0.3701739203367608
-0.08951230040341945
-0.2194431768935988
-1.7606043638967774
-0.3296327302350677
0.1875141266618011
0.025973677829982562
-1.4139119419465935
-1.1885283907045023
-1.472212659828116
-1.024774409256684
-0.6992581695016056
-1.0716245175942674
-1.8832134398724603
-2.242375284476453
-2.4297932290270015
-1.8946641410105722
-0.8816032440658976
-0.44389218603595804
-0.15776213812820924
-0.2785198261233719
-0.390287980682512
-1.0343299625317146
-0.5455880264346438
0.04246254092920782
-0.6474776624838247
-0.6701338439486139
-0.12032125473827443
0.008633568953221177
0.6173838800196464
0.34911021399039877
-0.479432294385562
0.12340097344317207
0.5106494919370033
0.7619298978781373
0.9366032648589189
1.06550954572791
0.9572422837398951
0.9976176909260105
1.0210789458211016
0.6786414255069197
0.8940476872912451
0.6267988948409886
0.41071080890519773
-1.2139089785014139
-1.8497543089387596
-1.3550327664016577
-1.2324326486962507
-1.6200889801623033
-0.882723929280887
0.015320775060511648
-0.6960924443836485
-0.48403346950800064
-0.4178490877184884
-0.45911354650519465
-2.297874607516285
-1.3879622193754102
-0.51597445350139
-0.09243996464875323
-0.24919417704706295
-1.505914266095669
-1.3360654523654902
-1.4714060763046235
-2.5340681745061997
-2.451568140178221
-1.7650566595512664
-2.516457731689967
-2.740131087860131
-1.1396339563731193
0.2692086177762978
0.4186043987840333
0.19411468973585497
-0.130202077734591
0.43416074515548186
-0.041158449501787486
0.1594229461246181
0.6096209374353747
0.4293438759380852
0.4259620831249621
0.6765401460001301
0.40028354133424293
0.5909506104148166
0.5380300136672415
0.5566193589572266
0.8215134348793357
0.3655381246396894
-1.773332277521384
-0.8387445953419861
-0.33073095292563337
0.005392828765833923
0.004272144981098073
-1.0281019204200839
-0.6512720685030656
0.40001363037602977
-0.15480315758400862
0.6836202817734175
0.7684815058642072
-0.276204711413762
0.6970768878031129
0.7314198344545093
0.8503023150838118
1.0863822072463016
1.0869311421172738
0.9520298550131521
0.8252860266694806
0.8671505538454451
0.45789812530001983
-0.4669207458241259
-2.005374501534684
-1.0292932835686819
0.25745068217292677
0.5815871295044588
-1.8136931871525146
-0.9589955096507281
-0.47280848784345464
-0.025807462573092996
0.3653181887759567
0.2522805459915588
-1.8198660771831567
-2.6130275110825694
-0.729904251625164
-1.9084588324898202
-1.3600380368914524
-2.2110068636116638
-3.020038092519551
-0.8704899129966683
-0.6423391784442517
-0.9130399520537482
-0.33041667070373326
0.268167558957942
0.34132860157941236
-0.09542517186756833
0.234689659414092
0.43369788274691135
-1.3844574459557344
-0.5671028112400942
-0.19462033191439604
-0.48186590622396075
-0.889956212178594
-2.5933523962084504
-2.9344261725989713
-2.1227282156831975
-1.5465900942447015
-0.7100723292738235
-0.5350452397905456
-0.7126306660583486
-2.5055883561567995
-1.3797086066521147
-0.5767698318711323
-0.2427763271797087
0.1689330678501028
0.21037846752726805
-0.07298228156605023
-0.7800597856171076
-0.9585057692368304
0.09961247926347758
0.3885886223109627
0.19699827510942983
0.3722247322021033
-0.1869326326481355
0.05310234629097242
-0.00128080392327002
-0.18030403133370096
-0.22455704941919827
-0.8349754345018185
-1.9508033408238141
-2.4490822045697453
-2.9559634978245737
-2.4302565516172736
-1.318371019424696
-1.0849599611703975
-1.9667629534899542
-2.3239952357994453
-1.4245650692226186
-2.140616273383801
-2.626887301608083
-2.078738432512299
-2.4264073154368857
-1.746293094336151
-0.03938707268488517
-0.7039225334117117
-0.5650829383152591
-0.3133074631957984
-0.8819859859322465
0.13449495525481928
-0.29154578901493833
0.3068139352454474
0.6953716094815803
0.8429883641098104
0.2823921399284346
-0.18709094320818745
-1.123516084395062
-0.3323578312322679
-0.018364552943933903
0.24057360377004347
0.05124548158412113
-0.6968981114288273
-1.5053978639528838
-1.880012038293983
-0.6068178645913374
-0.6858776137467677
-0.7799727216919349
-0.7705746770471313
-1.7560740941039028
-2.7182013393789357
-3.0904403869748056
-1.0434981850833835
-0.5990246190230457
-0.5627353535054196
-1.723832060553374
-1.237454748944049
-2.0470253905187863
-1.6896101224396465
-1.9506008586914731
-0.8963876157520934
-1.085770167469352
-1.4402324197710472
-1.4505066042387
-1.9068709779371893
-0.3171849671317787
0.0981003776473086
0.49298790759553335
0.5202769301804202
0.4304750336909937
0.46817998901064006
0.4669042737084086
0.3615506868156183
0.45960690519017633
-0.7978223215806196
-2.871156580680939
-1.026904050760432
-0.44363394567213843
-1.1416322337902467
-0.9025269327405308
-0.9064533680416744
-0.3188038756217323
-0.901294889291421
-0.8380498967213408
-1.1005486983668993
-2.0540622035049974
-2.7900254746739788
-2.6461464951845466
-2.0010990121390395
-0.731717713829171
-0.3734337914448119
0.2553382574195201
0.014434747402432484
0.3106183845298406
0.4002741670228741
-0.23089922468206983
0.3591404833810654
0.00603050858850903
0.5123187189185309
0.3846343020896966
0.727464420115147
0.22205522770519873
0.6347493311822614
0.6742814276038008
0.16835157830742958
0.4413974861527833
0.5541728299377429
0.5918333642121499
-0.5553379765913057
0.06922709750850434
0.3300804028079668
0.42145839024486054
0.5708687874065795
0.6417272785890092
0.2247173501158619
-0.25535479140980577
-0.7271259868173905
-0.7054051896180666
-0.5181642738260464
-0.3717994947888803
0.31482488489887084
0.3550290772101107
-0.32279555061419496
-0.6720582108883175
-2.2059648839212374
0.15436114629300787
-0.12180941300478972
0.2570663030876459
0.22697992957360805
0.0433232304983834
-0.6135269365630068
-0.7702880244875592
-0.7375867374158315
0.027934039860795033
-0.2087595994856086
0.030178799299210565
0.20618811725523503
0.510207493540755
0.36392835018370095
0.3655442319468254
0.41873029648374205
0.21287175341941175
0.24806308265605792
0.03175821271320644
0.2615950430903281
0.3089492540007607
0.49500278491614347
0.1381455555023511
-0.24738564328788584
0.17011278075413228
0.31446930867166656
0.2541071115852629
0.2111156115364464
0.06033778371074804
0.4740246396438136
-0.12937585296897178
0.05928440534045314
0.19234970046948854
0.11980287015712056
-0.8841890163088092
-0.326484087659219
-0.29499194364060166
-0.06098856145687011
-0.011892122460529134
-0.052532814470970496
0.009248618068091494
0.014463011064014361
-0.17229978221127626
-0.4892876250406182
-0.6744009295450456
-0.3490104518308893
-0.9853421445908184
-0.1444924373844566
0.4479027211438197
0.31524872146806093
-0.44868522143685263
-0.6654853220050827
-1.1732358870238488
-0.5597754401426205
-0.18990104579285635
0.10672658052948325
-0.022549632267449052
0.07950857595848931
-0.47722951040498274
-2.4105213749269456
-1.7638899639494294
-0.5349597739916723
0.16310905229514308
0.08006798597081477
0.33652589307846736
0.03795868462587609
-0.19147914614167394
-0.1621803136076162
0.05450874861813769
0.10311008188470748
0.0534714972889837
-0.6573289392771875
-1.3243727465953943
-0.46097163370428074
-0.36806739581615755
-0.06233756475883413
-0.14056327056983903
-0.4458334893147913
-0.2582775831564208
-0.5123573800179301
-2.159917035622478
-2.4566794884287106
-1.6230816843611076
-0.27981280184035884
-0.17974015359832127
-0.32201894151926636
0.21077949291902137
0.4246202527349896
0.49340479603216714
0.0519218890406738
-0.5441859125520647
-0.7207404295782102
-0.5669070563199297
-1.1108623722300388
-2.5366627622398044
-1.6139910802164916
-1.200221385436429
-1.2108553432596376
-2.1151572825868183
-2.7334647490101815
-2.1832768819933777
-2.5462189350327264
-2.4834571557407825
-1.162167343159454
-0.19799779560977554
-0.017770145635303783
0.1372497813764653
0.22296457288564966
0.10341100300273526
0.09974454004981076
-0.745621697958115
-0.8669388278131879
-0.30225924724408937
-0.27341294612204226
-0.6572823383082628
-1.9334230055045611
-1.2124966872067005
-0.24433146249297275
0.2472799626705845
0.46167364371878117
0.5251408379103997
0.31661134194692664
0.5488967707922358
0.7016406447416
0.9164031936129844
0.7050324288495994
0.4338513264635703
0.7181240933727995
0.7482882728590192
0.7037981968898136
0.09416456781289426
0.2944344689927677
0.48539341900496424
0.521913448074559
0.3803473338377452
0.30877199830658364
0.16483582219359785
0.36150470036620164
0.3330863983804774
0.14573034126266451
0.3760316633262677
-0.09487121589560657
0.10649706127401817
0.17173705209507417
-0.004674014175089357
0.2955759713882059
0.4505343500026041
0.45741894374584247
-0.05843049487019084
-0.3422721205646546
-0.18591464224160362
-0.9385656597807013
-2.300914986720279
-2.656710236755607
-1.3769154068055844
-1.5843363651400626
-2.8544434123186746
-2.886146094915577
-0.9266693831892462
-0.1726589561581755
-0.22990738896391186
0.12227751194510202
0.12930668434107678
0.22968620073142584
0.12919694924898326
-1.0169155854658052
-0.8195381435554926
-0.2920323453622271
-0.3211960377935589
-0.4613853723847241
-0.32194747433408966
-0.7632778860028968
-0.12174943353834508
-0.1589950025034214
-0.874845500842869
-2.135727677408845
-1.0439214763070348
0.183311999984395
0.11234825873219434
0.23671502221601415
0.5391726274485862
0.7323879661481432
0.3940037391907574
-1.029862278124675
-0.4959990497900073
-0.0016207073467205853
-1.3361726824343796
-0.3137799872272671
0.17761785513695724
0.0007646046946302998
0.22244094479889245
0.22342594124370152
0.31209306844767315
0.39614755928910006
0.3641659951959507
0.21339206297458818
0.006221130688359541
0.33644150757804225
0.011049513846883303
0.12220793239557323
-0.18310492950653282
0.06988795694707656
0.0418831655898151
-1.7227070670388214
-2.6836065830934017
-2.447429382159275
-0.8477000910086161
-1.4220680690344678
-0.1323550000451631
-0.1773427557223015
0.08748031952246589
-0.0617076543620905
0.10808942575994207
-0.1535504097463893
-0.03744407104461295
0.13842793609439477
0.036353802738426595
-0.882451228707977
-0.4324321462985765
-0.5169129710932842
-1.3974045385491967
-2.425668466258493
-1.0791786181291825
-0.2877520702730908
-0.8821046306605789
-0.7063153556128328
-2.020788396262198
-2.6148951446227575
-1.6135755896915918
-0.6479501198486236
-0.49743654331620013
-0.21826543268155882
-0.569095516204817
-0.6733080413190561
-0.36786316058346336
-0.12280589397898212
-0.02746794138315068
0.004957967383949796
-1.2949232235262962
-0.6008994223754767
0.09295249621900906
0.01491901089928499
0.24228538516153486
-0.3634436573384836
-0.6635566579241778
-0.7240469276990187
-0.9951566371921274
-0.8973050729809869
-0.5183586083160816
-0.3570062635339909
-0.5088034241539774
-0.1288045024896548
-0.13815392063342805
0.3498435890210593
0.6964227090330977
0.7219347668777325
0.7305411138892921
0.6297662273252278
0.697883957031433
0.5188497988290488
0.1841830654362401
0.028274676391401053
0.32097826444836264
-0.22021561453974262
0.22897352000523594
0.1406866235617343
0.33325942565170164
0.5383348238027976
0.6491148786662366
-1.2048363999297376
-1.8027580531987306
-0.09755674039754574
-0.9370676003936247
-1.2304096136112146
-0.5437734131368668
-0.8849148599915917
-0.8665411121767681
-0.3439376219365039
-0.30756387439275956
-0.4957929703301416
-0.7605477561097949
-1.1158279241636797
-0.7763029764972665
-1.8640828119262967
-2.6340624242650414
-1.5676424394357023
-0.12246850358295586
0.3453985504065028
0.3569667185768598
0.42287468564705466
0.4861240195567247
0.6828411168720364
0.6560889737519322
-0.10556950198134793
-1.37641483674206
-0.19980010250992994
0.44951798872786886
0.34731582164341146
0.20723559374744785
-0.7996554893154626
-0.42405301639582726
-0.3076755989252331
0.2105243357972731
0.47869885879233265
0.22085177380841
0.5657172451364184
0.3788362189683485
0.2573117464517414
-0.34959248761395834
-0.652033519681469
-0.7222851994620092
-0.7730657847296248
-0.4359678196978103
-0.11249914850734045
0.2732537858693388
0.0926627802685851
0.42754851889259693
0.6314713432435699
0.9830251389009734
0.8212151097566456
0.9931334332859756
0.9729305895572644
-0.4381846851725013
0.5331692578948231
0.5806749552898066
0.5222085907965068
0.1640763584268246
0.09120978588303529
0.20188068409854582
0.06836599011647254
-0.2238558379642445
-0.4565881630493508
-0.24829336955799178
-2.846761604153065
-2.0477711101630542
-0.44769605124319056
-0.3404833702539011
0.09459775081583478
0.2981884094338836
0.41229015397167423
-1.0452034259718521
-2.8595429025866856
-1.2790261990858016
-1.7764985289195436
-1.9049811938347305
-0.8039192017657253
0.1122658786042897
0.40161345862758113
0.2538000481244317
0.12699857938532993
-0.698323845581113
-0.11831685210256568
0.1356916716065078
0.1989383353266478
0.027528810727966216
0.5147570266428942
0.6223222991740514
0.29199640960048545
-0.27572208734445136
-0.012274849116140144
-1.0979529855654742
-0.03950166910481174
0.2457119827215199
-0.11459977207250698
-0.7150320355393827
0.19693153338581762
0.4155917213737278
0.11034885680070335
-0.7391532351247934
-1.251263129981678
0.45468562710310756
0.6102385464912566
-0.3401917611408982
-0.7160682993417575
0.1285477675745234
0.35236862158262705
0.5241635291652423
0.37241664789530216
-0.5301208778060947
-0.4356783867280335
-0.0750343482927272
-0.21791198080848687
-1.699207291430065
-0.3540200296613405
-0.42204298845904087
0.12891451157401299
-0.18139053493082885
-0.8688575476804331
-1.3288922071731923
-0.4720449865517967
0.40842863854232914
0.37240017632771505
0.40282359265754875
0.7450188576143562
1.0156367159801147
-0.30361666926115904
0.19976770235486788
-0.41872530970872934
0.022079321518510386
-0.5443588866701073
0.6507564952208635
0.24851318712239223
-0.6236871428939825
0.014543538437967712
0.14183466483278157
0.047511568026471884
0.3722229807408276
-0.340049360832004
0.7663535417150469
0.9848499820040614
-0.05633912698076902
-0.6115014438463282
-0.9282825788631675
-1.1568550852116424
-0.9462383071169955
-0.7260801829009516
-0.12923708735548964
-0.013529610079671309
0.18002727692311077
0.25932916031452524
0.08433691288637177
-0.4286014170329868
0.3211346829934767
0.2577023159505548
-0.2013768140777856
0.2841114244126973
0.03567033234394408
0.4994724578625128
0.12361038014880016
0.6118507817709242
-0.3950741956724696
-0.5669413703488287
0.08897594174371033
0.04629709284681829
0.1108826338422911
-0.39981960060100374
-0.7227891348801758
-0.1260624706107655
0.23591999689830162
0.4473764396306341
0.6492753131282074
0.5363763869360962
0.37611812448707416
0.7250555172505743
0.801855345957925
0.9635117600776352
0.6651434684878005
0.5980466009107825
-0.7762686972040702
0.029448608091075468
-0.8400822065795576
-0.08282150989789205
0.26422597457690955
0.471503738376959
-0.40846528778810387
-0.8530355503761213
-1.7003053403098367
-0.6887689392336064
-0.0533452151991567
-0.015623315790062452
0.12263009112767473
0.2395457078028054
-0.27473387393673676
-0.22738768486973682
-0.03602170149157126
0.19907576640775682
-0.13650743964782686
0.4312202355136511
0.2542988075673934
1.0386088663839863
1.0766380019956592
0.9093423344399051
0.9715207892328275
-0.15088304683308706
-0.39176828675029296
-0.3814968115854709
-0.23058897391882036
-0.2903657509215224
0.459123969682792
0.5790915865251879
0.9371513752674261
1.1192735383599066
1.0284018072545642
0.9328199131251895
0.3965813934364435
0.8373021000524214
0.7071976980215272
0.5888776233135317
0.1717558035895349
0.3283299297497143
0.18457753397052076
0.14156097009469135
0.3473980053294944
-0.5071579451011667
-0.14250902808755878
0.1690254123719273
-0.3888316935386854
-0.5921257192393232
-0.5721996640059144
-0.27733683081462923
-0.8441885200167798
-0.320935831451857
-0.23785990844952834
0.0668429103633903
-0.051395906489299883
-0.22748300854927148
-0.1316908557227525
0.06263039043687783
-0.5974679349128194
-1.3736071665891152
-1.6413770868897373
-1.195469180938833
-0.8297032853142321
-0.4722440257652011
-0.47351321128760016
-0.5983666216109382
-0.9117551480054145
-0.8369730343617834
-0.6039782786767667
-0.17679286083160503
-0.015135530177541254
0.21060290942122978
-0.0588034878186456
0.05190033583808838
-0.08975426762472541
-0.5864970791509152
-0.3727782364568081
-0.6456395732408822
0.2872093783578995
0.37433245896835854
0.37888220309633625
0.5135885599041412
0.4356746197456831
0.19614289598679754
0.40516853483491766
0.48112827526209
0.5679057832598289
0.736407615815027
0.4778722577481349
0.5141673241223892
0.4535735172518691
0.23863604347265413
-0.29078128270855264
-0.48505708227276123
-0.07563422011939577
-0.5627027643166884
-0.29435227966145283
-0.3616016118001145
-1.9026044736969805
-1.615217191611491
-2.292225159397008
-2.5415050658926472
-2.4161945546559096
-2.6753713585397425
-2.1949434818199474
-0.43840305775373833
0.084093083205249
0.2527483514304649
0.39792992354967827
0.3548210695533697
0.2968369326074092
0.5334123100913288
0.6087178045806124
0.3986961340421826
0.21471704956297652
0.23867438171216185
-0.007103754997741973
0.3113942252043739
-0.21948980558879325
-0.20978219595374778
0.31609523685730867
0.39886495577277004
0.08842364921157767
-0.7515798769287508
-0.3484109806905319
0.036564278886346425
0.36155918821739863
0.46917778966238854
0.56977016408711
0.7025075142621404
0.5494618831043894
0.5629064930357544
0.5638120738776963
0.5797471710049805
0.2067976272474223
0.4242567132579944
0.6311924316455901
-0.10296845935006448
0.2959872968621644
0.06740335612834117
0.22089806457197833
-0.4487482308414972
0.21047529920613092
0.08824436222127023
-0.49418804640133807
-0.23169768917793443
-1.1669375964607724
-1.6240534123125285
-1.2947917774975524
-1.7460063723278918
-1.3147971185650338
-1.2483646972395799
-2.348213413081351
-2.3738545710091605
-2.3968343867200885
-2.7500892758740916
-1.4008150905517733
-0.19430075522055268
0.42792881363667135
-1.2730360257141333
-0.3426111907526964
-1.6009063979210207
-1.7567289324019981
-0.202190549148695
-1.6279885611369158
-0.9480851442296739
-0.13830499663618065
0.560551125438048
0.309200731944839
-0.14629096871202033
0.013833912200897941
-0.8502976047748589
-0.9147936316333638
-0.7176075493232612
-0.43289600223524494
-0.720745486546809
-0.17355184606632668
0.20490278849213345
0.22574864553138105
0.15734782526366492
0.4618979365576237
0.6148523673017029
0.6373562419524615
0.2919405620585487
0.27201500933563827
0.01465677512452625
0.019778445668875756
0.41318248210819764
0.16644334042649425
-1.7675852071221718
-1.908918852783969
-0.8954157073736002
0.0801845676114378
-0.20044079040022528
-0.1357520614865085
0.43941298068197665
0.49299753538255475
0.538800019309102
0.7135764239830991
0.5600818610285194
-0.5607768618343627
-1.4035765627091163
-0.29814432982212224
0.261259273394743
-0.7872190330395503
-0.792956937151823
-1.1458182776098815
-2.0089015950686457
-1.9384010727012326
-0.9774916092089545
-1.1969121780339655
-1.0494183796146843
-0.7696189627948832
-0.2963444934229278
-0.024996708594019548
0.36185059758903704
-0.17106983488347674
-0.4261213384145781
-0.9667032287033492
-0.6130260433832992
-1.0349556333839258
0.15858541208857252
-0.050771993156588896
-0.5255245395268937
0.24628375784215012
-0.9575109903132502
-0.0050117215976860086
0.6326999092039085
-0.9733618969905968
-0.9637890541147067
-0.4753512958880918
0.06213225901505941
-0.44436009955570277
-1.4702646314585013
-0.9177675334329932
-0.3141990854701451
-0.5822623732605975
-0.5527113587744465
-0.37101917837300746
-1.4378373646702105
-1.9293699593370994
-2.4792899990497985
-0.4639056486161284
0.17220254827186054
0.4795139452062436
0.7459729007365142
0.23919905034245073
-1.100021251974007
-2.3676216985461416
-1.9389307631715804
-2.710272345865949
-1.5829677614389923
-1.1892232995805765
-0.8361011527276737
-1.1232953032200006
-0.8917641164982044
-1.5289724048777398
-0.9553234768535734
-1.7724208671144717
-1.4442147242139725
-0.011448865278643916
0.47673470613096247
0.2029752516032006
0.1178315988242346
0.6009549557910918
-0.27961654852891404
0.18202524923968302
0.1221669682364154
-0.3677838684852559
-0.860744120734846
-1.31198203987032
-2.4023195161537316
-1.976020081354029
-2.2095087343648685
-2.513708277651693
-1.90702615129568
-1.0463294165678092
-0.8429581893717095
-0.3977511165879495
-0.7498560903597402
-0.5021037349966606
0.16051358700888427
0.1450485301547593
-0.7364973724574433
-0.8024204133676736
-1.2827174863924165
-1.7047492948273917
-0.5778343975021296
-0.8852834923669309
-1.6197275156983084
-0.9773918749848032
-1.518518567779632
-1.9903497358908027
-1.9199367610436773
-1.4687769932991266
-0.8956306656204929
-1.3306141600410464
-1.869447608730332
-1.9238506087067822
-0.7086855894855291
-0.20237534108437855
-0.2895015736341445
-0.8323854888672488
-1.5067001792883985
-0.13987060170669277
-0.21431349214894926
-0.1183925797935877
-0.041153076863879465
0.1078649071661984
0.4923277498547942
0.7888087499791779
0.2509694807448488
0.7105226367840769
1.1989344437846616
1.0837737583790505
1.3986862630662769
1.613267853198819
1.6204128826041084
1.227905170926939
1.322467144042054
0.15346624322577873
0.7689755098363924
-0.021790634392865296
0.741541468697762
0.19612477050867386
0.5063356086937659
0.750409610057929
1.2824747967987749
0.9939595737863001
0.5869989357807253
0.4493086504961439
-0.6287504633642016
-0.09815194680123904
0.7320599238628728
0.2516170863710686
0.5622003564814396
0.3149962735592837
0.5899168296209807
0.9424094385321898
0.9809984399459692
0.9054162952864491
0.9559525922549629
0.8905103963514227
1.0303472311805906
0.7212996448589029
0.9847706136328875
1.06917533459302
0.8371914359698903
-0.6628476532071186
-1.30625003442253
-1.7987278932176056
-0.5374499623194452
-0.7537812799239905
-0.166725868130456
0.5672817497444415
0.8088407920262937
0.37208136053553476
0.7239640112118073
0.4023613623861293
1.190374294064009
1.0947793298373676
0.7827890754090432
1.1700989149055498
0.9779456994186058
1.0332320415467486
0.9815376486957617
1.1471646968718892
1.0176300495593122
0.811240073011407
0.8570248818237529
-0.5255909098006858
0.40018282811476724
0.7464916294616892
0.968125732291968
0.5551252429496181
0.64056345098556
0.5784705259344374
0.7393681806741625
0.7093056336042998
0.8925166399909479
0.766941328726592
1.1523751089902827
1.181143682230035
-0.0693934303908611
0.8270633868811683
-0.8782977281619833
-0.183684359481167
0.5615505142107202
1.0529559894547624
0.9769666846926583
1.273214517385506
1.2591196960501714
0.5059010840672203
0.7878519420412031
1.406641607443735
1.4031079328541851
1.018941224175971
0.06378835604846934
-0.5033541378401395
-1.7977475123576054
-2.1202444791902724
-0.22788894121617836
0.9422538587037398
0.9324328405718412
-0.842276050782922
-2.373466517477774
-1.7352664033270704
-0.5427334919348958
-0.5477083430010714
-0.8136561510530386
-0.5034220155923419
-0.6930761437667766
-0.25904708387692255
0.49759972362911087
0.26693644371566116
0.6209512758643195
0.6130143009837359
0.6193690811824333
0.8995462707683199
0.5602769824536427
0.9126435103461603
1.095037376998869
1.0069883953035377
0.9535452340102386
1.3301368543231424
1.3955987600443271
1.2603862151565308
0.01731580791723667
0.10875299951189302
0.11135309540852792
-1.3048157857396523
-2.083461901851426
-2.7955670611509746
-3.125249209430527
-1.0031053835464205
0.35335022767610147
0.671008021388275
0.7747881500263504
0.9004749656731889
1.0398719893186388
0.8494771668155912
0.7995301811280444
0.6779520581217147
1.057731222637235
0.9248612679037382
0.22693952509500329
-0.10092997964602785
-1.3425165829571215
-1.8913675293818342
-2.200811332536514
-1.988849913927861
-1.511250162370076
-1.251776586485799
-1.063357960528736
-1.9725381543457239
-1.0824374255599452
0.033010924917303834
0.18983761198342877
0.700902194501464
0.2615155698571383
-0.010718772719795204
0.06798276191652496
-0.17594632321300444
-0.3026456778614762
0.12430078895880434
0.3715053618678793
0.45778793594559053
0.46386575750922443
0.07090330143606534
-0.820628140134448
0.5579666845070508
0.7673056057344332
1.1321165301128056
1.2658729883829916
1.390794972961209
1.4463296894217783
1.5323381395567561
1.5777835245231626
1.5796497963068374
1.5577958031214019
1.6154857260853612
1.5319577416418022
1.750975900421937
1.5257369574521595
1.6784519914040525
1.7177597352245049
1.8924738573333952
1.6232136716484185
1.8127367938696368
1.8405878993294766
1.8391685265484634
1.5225141215803029
1.6670637019340204
1.5529260571712644
1.24368339956377
1.5628192773768195
1.465455001111174
1.6482425788944122
1.7067469300804896
1.8011840724972155
1.6452275722792038
1.9014687868725368
1.5188986486999334
0.8926021726696001
-0.23614432090763063
-2.1009664984785963
-2.5233717805898306
-2.205979385202168
-2.890258843431134
0.34366586950864797
0.8993308444053854
0.6001605983550333
0.39674887251194746
0.6053326776127095
0.6816943541779539
0.3701766677942302
0.7358565989432209
-0.10461644114455189
0.18504473665775986
-0.15310860938535392
0.07098824722108119
0.3657125862953283
-0.3960772997136768
-0.6898758338247645
0.1790851204561262
0.9037478590567853
0.9836371598485798
0.2976295830867193
0.5580264040112917
0.564454947635577
1.0204934306895082
0.8940077642597423
1.1307196378624826
1.244182813460029
0.5462138171231203
1.25829208951335
1.5547320063557186
1.4218661675712756
1.2074960586501895
0.9583288711096993
0.9899012930267441
1.121505302814421
1.0861052114622507
1.017886115145023
1.1397810351476303
1.0474029627979953
1.1843673845301388
1.343778860845807
1.2168556784264108
0.38145872416607607
0.7901122117747932
1.085255532355165
-1.9449955252291642
-1.923785823040498
-1.4630412344419477
-0.4728910312340817
-1.2346306224926629
0.05172217408482821
0.2125875552912524
0.044612248334104876
0.9210098348497275
0.7518038178052725
0.9911585373730103
1.2829582429232973
1.335449297067186
0.8895300739333546
0.5361820008170014
0.5682042637287006
-1.2092412298217394
-1.9976904156511224
-2.5574939365640574
-2.0469931266781702
0.04045603138987916
-1.9878142835422141
-1.8881809479213527
-0.38592302275438384
-0.5681400167333303
-1.5536424585274238
-2.917532623523049
-2.014141009241158
-1.143836103329029
-0.7812808670684255
-0.12498041320538558
0.029139736022128333
-0.3200095530530318
-0.6585810501472231
-0.8423863000375367
0.048695329448694265
0.6021910735061574
0.8691568717458305
1.0150758607635417
0.9182845559475729
0.9831395732720399
0.9357453270499572
1.015236917975687
0.3626451542992276
0.5820348693448749
-0.2959478496093808
0.3917101173942442
0.5119876715275543
0.3248505667451741
0.6908336216822839
0.9755479002882261
0.9860402226455598
0.38777211663343925
0.8502487348117124
0.8592700458801219
0.8196971005541307
0.18229725682948159
0.29551513629141013
0.23148858877423187
0.2035237550270028
0.17859970269933464
-1.5690611544963748
-0.9764957572720819
-1.8229005927476145
-2.3854434773522954
-1.2669482009502953
-0.7317935482362898
-0.7049771523608866
-2.5108191195144713
-0.6375125533358684
-1.2604200676320678
-2.503193265468455
-0.4909626779483618
-0.16942684135120778
-0.4789859648359557
-0.5118756231270833
-1.2905328403445866
-1.1088816842798095
0.009880196580859424
-1.2154780310348325
-1.537703272314462
-2.346995044043989
-1.8059885937049314
-1.929653008777104
-0.6591303919152597
-2.660564501865689
-0.9963330557499309
-2.1292279404907477
-1.9373294889865398
-0.12726796632310514
0.8065881246901296
0.9066524216704348
1.0301623724816031
0.8728207209880932
0.8729017671150527
-0.3649239040924278
-1.22962026344719
-0.6153192132202827
0.43238352777014943
0.6172999465286761
0.5780703679846356
-1.527266433265141
-0.49023687979977293
0.5673249182541124
0.7177069686287652
1.0541525333397548
0.9127512760745576
1.0730869481462009
1.10601261391039
1.0197994870391134
1.067302911592365
0.9828121614618319
0.9552912163332669
0.9588222554729109
0.9293551100621946
-0.8042672019501986
-0.11883354154586057
0.5345994903051532
0.9519489006747037
0.27550043810851377
-0.7912440179653437
-3.0129185015648092
-1.0235709870270138
0.3454095148474442
-0.6782506902524774
0.6333395989999002
0.8455332475617616
0.5942969573789878
-0.0022879811606951357
-0.10032973069558274
-0.20005324856922105
-0.9514623963473503
0.10861176320423103
0.662821476703225
0.7399901585310069
0.7658815966905969
0.9534864838477028
0.9647548328399761
1.0956901480364558
0.6755034812366009
-0.6633794990572333
0.1718248444344628
-1.417623765741714
-2.1210467376827977
-2.3079878609133204
-0.1749183762488702
-1.8482078770644046
0.23971644549740118
0.7129049108009433
0.9297493569780559
0.9299281971562212
0.6169530505643517
0.7391231944704748
-0.31639077515233605
0.7052090106404909
0.7875189584559489
0.31301038121946123
-1.2599625192124135
-0.2810088932897523
0.3778990818285114
0.06978690860606827
-2.5213408041689545
-0.7427922887447962
-1.6849606530085888
-0.4431286990310854
0.6277070481389257
1.2138663700085783
0.9818441006013618
0.8122128014101107
-1.3130698626321948
-0.5485815309925894
0.5210000783093605
0.1441370612760555
-2.287281625978612
-0.12199349590050412
-0.3307180854647004
-1.0882075927625952
0.22433203742579566
0.20740193325239578
-2.1511455337732834
-2.1945446287249415
-2.912475047065851
-2.174750645157277
-1.095463463152192
-1.1472937022914274
-0.6301964616829452
-0.6287418195922678
-0.7914434402911417
-0.8366774283534248
-0.6861751551259287
-0.20855113813370685
-0.6700493218802906
0.21407653418808975
0.114047969356759
0.5855423991442867
0.4302301322362393
0.09145392857705563
-0.46431301406646996
-0.025307384062898598
-0.6224490045490323
-1.643372239855571
-0.3490278819120063
-0.6444685977653902
-0.7803189488650906
-0.21558826217899504
-0.9666076508307885
-0.5380669572813589
0.014703656655163311
0.6273916311352354
0.7971285990750544
0.8834765366798403
0.6614089312704234
0.8596216334350604
0.27630644568144147
-0.22212379401423324
-0.20726744965286872
-0.511798502453456
-0.447547033617289
-0.01516438753211537
0.1630455124768929
-0.020155215799052016
-0.41348671260465897
-0.26490278012865875
-2.025537717094214
-2.9062869157220077
-2.8341180051700774
-2.849770340480755
-2.6254217353381955
