0.35443580827330134
0.19683220215714986
-0.10624655512121377
0.09581166141549372
0.253130662162188
0.16583700381960426
-0.04308764046552746
-0.036860202003780713
-0.13345340884195234
0.18292071330622955
-0.6663297124672658
-0.7256795087238606
-0.22220609161208527
0.1874615380712285
-0.1995217754021803
0.13300014351418254
0.35399259793597493
0.35953267297492086
0.285671776849482
0.5997686224556847
0.5458785238623058
0.4934961396431224
0.60313361245561
0.6948226488127709
0.7420715115472969
0.7125694333699687
0.7972771193455584
0.5514846365694995
0.39731890442491385
0.24966129985954877
0.13251881098778726
0.4823955724393391
0.5358766213445378
0.5672142992814072
0.5775876500848027
0.3812225251172226
0.5843170855575645
0.3442901772283712
0.3293395849261704
0.4749056117440716
0.4613266415607469
0.8056087855838043
0.6111534155293963
0.2900920041347598
0.2845872507001038
-0.09213201963289168
0.24604104267737542
0.3703288662805134
0.5023036402756034
0.4084403985726593
0.14391642806896143
0.12898599228315172
-0.1752467441187936
0.2517442903641026
0.011773527033646605
0.1285837205672769
0.18616427940873315
0.03214123063916277
0.46474578270699407
0.6352413947421917
0.4741957171410502
-0.06754359751253927
-0.12361065228658301
-0.07403924534130157
0.060660960599061044
-0.1896913576086039
-0.29898441708756485
-0.5469696791515009
-0.6786738771483312
-0.6099304196465031
-0.29149365641254743
-0.4929967660555656
-0.11482195198239446
-0.08514084502092012
0.3846731494250438
-0.22844131217252994
0.01056561734815189
0.5554654880820228
0.6515633958481675
0.5271316536264233
0.750662634283754
0.7608754989659681
0.749117564118054
0.35471932588055144
0.783674761234363
0.9168807144956679
1.0468157636610784
1.0148871457418542
0.8979970882720568
1.0375775503451892
0.9781798368756187
0.8295867222629119
0.7824564341996684
0.787766580890414
0.10810005287085168
0.22215167304283612
0.5429215079080119
0.5851486716554002
0.6869947931596213
0.6978123685682412
0.8443598273276736
0.803779779716945
0.860994367691151
0.6612365822376549
0.6923167216231821
0.8185386267785774
1.0325851722288644
0.9536612568537246
0.9688966760171049
0.8586755973527566
0.7769268353949507
0.7589493773780658
0.9469261401994452
-0.18188441455014304
-0.5460394843294746
-0.682121980866608
-0.5341585611361526
-0.32620670080149283
-0.19309876244862184
0.003387938398198072
0.23944809235010228
-0.06112684466890554
-0.40388299613683765
0.1452173039624195
0.023108952359665404
0.15730069734799507
0.43659667064346397
0.6674297602688796
0.8299075504268345
0.6195396851250908
1.0955338947727273
1.1139086509718432
1.1888499365198593
1.1663741727049433
1.061063623670297
1.2057996469585834
0.9546716226952449
0.7097966895503248
1.0680090519471468
0.7881955344470233
1.0210731071985737
-0.7341117589437822
-1.0838235905336786
0.5210006492365478
0.7917907091491505
-1.0421390693680062
0.6357544165751531
0.47711090997718936
0.524485601103211
-1.8869297079217031
-2.792633297900271
-1.411121747434091
-1.1007441880026265
-2.394556563806566
-2.3936988072539647
-2.9967627977900912
-2.090361548168937
-1.9051931527493549
-1.9385396602940972
-2.553097817422494
-4.113400563875168
-1.850682719203734
-0.19459629690859004
0.26873837716466414
-0.040037307347001595
0.28499816396042915
0.665952551702717
0.635470205773649
1.0226769989863431
1.0224321200316577
1.0742943019945896
0.9206813972658523
0.5999659059494941
1.2452707295268766
1.1264040548649787
0.8620576683723391
1.0496064614061953
1.2170225475180232
0.7006774693730626
1.0625987357089282
0.7849230201400899
1.1637188858557104
1.2255677929065505
0.1746240594655213
0.7380542139726
0.8625244803408825
0.8147139414366598
0.2746338979863621
0.5878662778588118
0.643911276902614
0.625467575667616
0.9203198964819873
0.7555406145552142
0.4940512122162686
0.5812148473523258
0.2551935383660286
-0.07601212540534417
0.24599645175861018
-0.9240935474627527
0.10815270444700903
-0.19430257249766342
0.08878737816469102
0.1739706577548799
-0.3134528393243198
-0.5390640038567555
-0.1517355934312805
-0.44984913652425856
-0.2983800853542376
-0.8239999201833458
-1.2130702429844331
-2.9657955302763557
-1.2905322536924835
-0.1901791690435059
0.2894328762520145
-0.10871850381717107
0.2803625327413155
0.46396902939350587
0.37964897208863957
0.5491631986545212
0.5843882838399579
0.6816234128071964
0.9100112320758219
-0.11973155569005527
-2.2450503275660596
-0.2727936252666831
0.8845520141449195
0.5730803017246684
0.8900678220854352
0.42046017447193074
0.004491966957790198
-0.028682612361789935
-0.9121492621643528
-2.0505948599993
-1.6466370268012098
-0.8435148279347223
-0.3485514626829586
-0.8589515721801119
0.06752803725356096
0.14870098102661877
0.21458785856493284
0.5122147271363192
0.4452466680482811
-0.6825277049794326
-1.8932394105126582
-2.112755257461862
-0.9048682055716473
-0.7084720815442141
-0.13923530708138826
-0.40784892792918404
-0.08294860760779361
0.4975646530139308
0.659833408938267
0.16641330424225403
0.31809010461873377
-0.7859247627935977
0.020451396751583615
0.26923938086788385
0.5602818859239271
-0.26065752579445234
0.20053978346810786
0.4113564303199747
0.5196698631640578
0.8705863166593291
0.264088440273459
-0.12890277357003677
1.0248316485032778
1.1481795307364155
0.6678618816649388
0.52162260218944
0.019843094800653313
0.7091468147753723
0.0451761575824492
0.22181543433563533
0.09700666021366841
-0.07263657177348638
-0.31288255712314106
0.18679904094667032
-0.3573323591986545
-0.5375948206691485
-0.7723008591552853
-0.16484689258982155
-0.6468780949548407
-0.6102143272338001
-0.8277911088438015
-0.4284377158097163
-0.8981906711079405
-0.22597315985360977
-0.1592334524954761
0.017225532330156983
-1.1864998860781966
-0.21951017817820795
-0.40449065729619377
0.43682284366800944
0.735436681961389
0.2452473055242747
0.49345728316917276
0.5584992370372435
0.8405063086866433
0.9323271302802126
0.9207100580834561
0.5689435661124425
0.7209064759061153
0.26249524039232647
-0.5918689554703959
-1.2423303447227276
-2.079865828146974
-1.2220473044765727
-2.6571398872674363
-0.5136919794389663
-2.7421775668178183
-1.578032708494062
-0.27757326056520487
-0.5021859742479786
-0.027077620394091062
0.2596921110242098
0.3878016237820158
0.5388656492906931
0.5285390539403657
0.5710304397009212
0.36283500158588217
0.17619005246015568
0.32989032727118855
0.6246588572268941
0.7644836673343013
0.980522007948492
0.46973478740813956
-2.662571499320656
-0.6661112571377309
-0.16373624421737676
-3.055276388552033
-0.4424164256993249
0.06463824666219829
-0.14505825156150265
-0.04955216519839073
-0.07010652080867308
-0.40276135062871804
-0.04321081166593842
0.23597897492543018
0.34680835252947056
0.2151648686861834
0.1803193913962589
0.20608825793316576
0.48083051447458797
0.8800622601850348
0.5920466265873154
0.8413170326973668
0.967897366741102
0.4614635510800435
0.7328663165149457
0.314487028207918
0.40003984547714877
0.1862216182198715
0.37772714558179543
0.5717395269561365
-0.6891704537678475
-0.49710306410599997
0.18883398241771598
-0.6650798837004291
-0.2673409559501149
0.8155911038704102
0.7537117430291003
-0.3478958669586859
0.12760357218501184
0.5798588085498958
0.22276897129299122
0.593167062388332
0.6298160544897168
0.46707326655224907
0.04623847545129096
0.7957606111515222
1.448525489526064
0.27745167804087606
0.2764802509861137
0.7895366018964937
0.7026931597969442
0.8033139111117371
0.8533962580244205
0.9568663317604588
0.8029461889573815
0.16051305499508323
-0.2809043740664467
0.2577057233041139
0.5325347097463267
0.6651258607679177
0.7157508894955299
0.2539410868692943
0.7417284068308564
1.0006404742994968
0.5964868338576935
0.8228189914704999
0.8914665758436784
0.3825542089158246
0.48492159345697133
0.43164095088053783
0.653957151540724
-0.23292719855753807
0.322312393123795
0.8233242237697576
0.7201435180701651
0.4421629432019036
-0.010199494893757596
-0.6854217644520372
-0.24270904825426104
0.19507283216777171
0.7423563564229272
-0.20564874835118807
-0.016834781723764118
0.03131833265296006
-0.2693430148529214
-1.7366637312062188
-1.516787574882381
-0.3135424295763196
0.02443708113619886
0.37991488378208793
-0.07707846068947229
-0.5990085949935832
-0.3148565364669778
-0.07199042681458243
-0.30747288248931787
-1.729832952667401
-0.22488824366772014
0.17246498531275295
0.04514069040610909
-1.2241609342934336
-1.2929382054077707
-1.3548502332473658
-0.9468839958142121
-0.6499752750519748
-1.1360959878498476
-2.1900464316470307
-2.605730730658168
-2.581696143704583
-2.011427206468265
-0.7319706452982374
-0.3775060359708436
-0.018081423645929885
-0.13594137108314408
-0.30750165596115525
-1.157001406753204
-0.5745146395513492
0.09756523557189699
-0.6568059802839401
-0.7072852204967283
-0.1829690244211133
-0.02986093772790656
0.6550284804555976
0.4019225698250993
-0.4012937091296428
0.016838580364415556
0.48237704237047485
0.7788069699608083
0.9002544444615843
0.9728574616288103
0.9286817249897323
0.9218260100431006
0.8919579490676376
0.5848119162324279
0.8338097117902
0.6141327103186267
0.412963584206328
-1.0434610343289508
-1.7939499886211914
-1.0913665587588863
-0.9996252616273961
-1.524763962608731
-0.9557992902664082
-0.0012416484922614136
-0.7077879999077256
-0.42796738401749174
-0.3957133795150069
-0.4839246976489549
-2.1434972931241356
-1.2814872266535973
-0.46007951450121615
-0.12294474682829708
-0.19137813621722283
-1.3723977464803578
-1.480333744007346
-1.5507330990221846
-2.4861140246982005
-2.819190749037474
-1.9769548476143854
-2.6215711360813674
-3.7369926626055583
-1.1950744961148554
0.3231715409661822
0.49007585000873294
0.1686965071528545
-0.054763694866290985
0.42055409504341673
0.00011589775551019109
0.11970948382273654
0.5984673272428992
0.3547438595394473
0.5227153577255819
0.7129370206445853
0.47376121053143866
0.6721700564064418
0.6018243979575506
0.5962470823690823
0.8377081172628575
0.4200819252894923
-1.3248680744721864
-0.8187115967281935
-0.2680209975472376
0.051250264892434914
-0.011918322542454271
-0.947357960390064
-0.7179705839903883
0.4754179727947533
-0.12678627260728603
0.6699978521135467
0.7614471293588899
-0.19605010188822553
0.6772158812501041
0.7306189576376235
0.8711593899775091
1.078592767576885
1.0407335357605736
0.8724212843225405
0.8108098484702982
0.8150101338814368
0.43440666334746925
-0.40117456753647346
-1.948547030056635
-1.0991514654366925
0.29591597829550775
0.6131736749645502
-1.7320474603970746
-0.9280344075035548
-0.4461493876490736
0.0527662265405235
0.4428853694175374
0.29031003117906234
-1.8331851336351366
-2.672306990581705
-0.6135257132775005
-1.931876574330188
-1.4025306169531284
-2.2149562103029896
-3.639634328596113
-0.7887215712046619
-0.5026852406841542
-0.963278619014086
-0.21552873307689746
0.3430310934987055
0.34818146991931914
-0.07130662337172285
0.3176638852142426
0.3518201751142211
-1.2456618032757594
-0.49693569169195223
-0.20485510780964888
-0.3953652222414295
-0.8553295248883866
-2.682270175947418
-3.9724488746814672
-2.449694388503616
-1.9170778065612826
-0.7896518266377475
-0.5004459841614446
-0.8138927855791975
-2.587593729620337
-1.435416460823502
-0.46338271834616385
-0.25107099525806825
0.23085407271257563
0.2924116657731933
-0.029304028595133404
-0.7110099661424798
-0.9796397065692649
0.21286662368276937
0.4603525116008333
0.22057485788904552
0.4962401329740665
-0.11827733275214251
0.13118757947882365
0.11303042002904998
-0.03822000923169158
-0.20598077452510494
-0.7672343520006274
-2.0086395372996364
-2.781756674855461
-4.282824203675408
-2.7500915951904217
-1.1990683290386452
-1.2118818345535538
-2.116900673508419
-2.525135732910703
-1.4452149751631986
-2.0892966039514875
-3.4151409145572678
-2.301862865262577
-2.760248502890722
-1.839171913122254
0.0068788122983468175
-0.7456092343000573
-0.45980207298735654
-0.3121777651738649
-0.9813303071140169
0.15662886450409264
-0.18658826420956792
0.28993675659042034
0.6426676501061267
0.8767751664361686
0.2312902348263977
-0.18182008188177745
-1.2288329765412667
-0.2901336900193923
0.04540646782034435
0.25608004687481506
0.02727775773082721
-0.6494051568301459
-1.465784534550785
-2.18763911124896
-0.9124915400298871
-0.8544809443665943
-0.861402872546871
-0.7517119651546248
-1.597565257259498
-2.7091721793455954
-4.110428992265949
-1.2387852686581815
-0.47554841744290155
-0.47859400766663324
-1.7110976657171895
-1.0720484142640374
-2.07120509940909
-1.8595774759205872
-2.036901556012347
-0.7914089058026911
-1.0885021824159888
-1.6165481431474977
-1.5955353473587586
-2.0946733702863414
-0.3224925621838538
0.18521579470051153
0.49262299916952257
0.4942884074971587
0.4235817106000787
0.5434723967111872
0.5104471783121891
0.38048238935617945
0.526907869015747
-0.5342865842157982
-2.8481070207236923
-1.3419539853325848
-0.5114436516434643
-1.061244311147009
-0.8376615594273565
-0.8547466696999648
-0.3276653733817025
-0.9252141032965298
-0.7594792434516257
-1.0462672650319966
-2.178774623248858
-3.2818776698633716
-3.124573889699823
-2.306226137230996
-0.585991729758518
-0.339783457907785
0.30842317884276566
0.059714762644363845
0.36819855527406264
0.48867456278044547
-0.2303486803244798
0.26424726450428937
0.0671324207140562
0.5146255834495537
0.31957594362666486
0.676550310939564
0.15469021410077644
0.5852228623767955
0.6395696377590537
0.11593114502301309
0.3815653748265639
0.5016621239659056
0.5431242389547761
-0.5701272036127447
-0.04806140908232691
0.2237829039748982
0.3858580152872311
0.6479819680870147
0.6516540432925187
0.2003926946503864
-0.15198174525248848
-0.6839605121950699
-0.5739128642747343
-0.4892922559252087
-0.40721381668543755
0.3442396387428197
0.3317477095652051
-0.17558112777234108
-0.5619103760391713
-1.9520599130548548
0.13701159760327591
-0.0614042194382106
0.21957751471610143
0.2765501445528731
0.0399067024695195
-0.4877250971283585
-0.6893007378091337
-0.814947640547484
-0.05491389297697634
-0.24427467282803172
-0.027377845425755637
0.20482921342400429
0.5037252493111547
0.3983456757374855
0.37738974198167524
0.4782139749370538
0.22247915737337348
0.248479465600267
0.15886542799594122
0.3446832410188199
0.40758374471643927
0.5784999270688052
0.1829610638040557
-0.23805864704811236
0.23283659058814676
0.37195077836774054
0.26082993297533436
0.16366743378231502
0.02771812096167138
0.4397608493525906
-0.16011103449269443
0.05134432786540522
0.2099621129246198
0.16134720550146903
-0.7719632006413534
-0.2976713786907818
-0.2215580817004667
0.017988077151969886
0.03769183905587124
0.0742420798650953
-0.016024484649448993
-0.008743737272086709
-0.15902790644650883
-0.4227429783405033
-0.6101874194119445
-0.31838738103161396
-1.0148704976315268
-0.00978363091155774
0.538322369749254
0.3403177460898521
-0.34060964108744374
-0.6817139232619324
-1.3333140912039245
-0.4793916740641054
-0.09288559587571042
0.14634521858175448
-0.023654560963469698
0.10474644256501575
-0.44883011265341144
-2.3217559658273954
-1.8262086555782693
-0.3423668170272873
0.15576819921013074
0.10549924764960374
0.35543705157078953
0.014043438773698588
-0.17994606057090445
-0.17080107105303738
0.011303660059208045
0.0714884069683601
0.05176341209021758
-0.5672965418198184
-1.389040111091993
-0.3290030230786304
-0.26584369213043074
0.02383383861741277
-0.04752454779944871
-0.4367819000233158
-0.11621099870127037
-0.38598261201247724
-2.263051984472127
-2.4574402330084224
-1.6650224101910673
-0.24649249935261447
-0.11131807572639518
-0.27672516248087164
0.22255381847601097
0.4806472627758387
0.4595334546236674
0.024454217855459637
-0.48620790605401965
-0.795754476507264
-0.5217391209795282
-1.0811783877076453
-2.8309260219524655
-1.9044333616892293
-1.338183379004138
-1.4150712973656183
-2.153754778236497
-3.370454654079274
-2.3755776639096866
-2.7795224099210714
-2.87062178020757
-1.1350823348538994
-0.05218071610421708
0.07254020982227181
0.07648765561786848
0.2609836944129993
0.1295482512898222
0.13485493827676548
-0.703086562087647
-0.9001647552269261
-0.1921013564306509
-0.2234631272591584
-0.6548949440043181
-2.0610130081344473
-1.4108372470703943
-0.12079734536944624
0.28651560907062457
0.5318390156946516
0.587903230140012
0.3065960685229608
0.5748011471486644
0.681186882669553
0.8936605058682501
0.6437359265995467
0.425415927876132
0.6495240410609905
0.6851417743041613
0.6336832941573278
0.044187647258454026
0.28886036214904726
0.46941987325390466
0.49426676714824
0.4158823076343547
0.27385855698821376
0.17512163884310783
0.3617335999904167
0.3470130031758639
0.15276568318640166
0.3602748031184261
-0.0907947829986146
0.04435812021742833
0.13346340123021258
-0.0818395444272366
0.2517840031671927
0.44403721335482504
0.41917449388862943
0.008655365909084011
-0.21817893993665138
-0.1355011355478571
-0.9702409912969586
-2.3080629867128297
-3.2334796766021974
-1.5096607701498517
-1.5639323782750623
-3.2851440001359284
-4.035598706144609
-0.8746678933230732
0.00781313857312367
-0.19778039009274156
0.1982316905930014
0.19055323547449965
0.25521781818513123
0.1817082184944992
-1.0157050216827692
-0.8390586038614766
-0.23299151714424743
-0.26947585057926593
-0.3149483883387845
-0.2938207155563157
-0.6984231927061997
-0.13906719996080613
-0.04457460081004044
-0.8769574405234589
-2.0828063329259643
-1.0740708296709758
0.25382379920801446
0.20644804901490782
0.3148923935649892
0.5681245498343506
0.7127122809787585
0.3748148147037642
-0.9925427238946493
-0.4287436976854376
0.033383684998875424
-1.1868272100416237
-0.28749427605517647
0.19200212193959115
-0.0397443887084095
0.28269610056640404
0.26234952554019075
0.325250722146746
0.41773370568955204
0.35579192050939185
0.24166142651751626
-0.08720093881441555
0.303482765558634
-0.05532074581345907
0.07751130305970808
-0.19788401759688884
0.16456423791561003
0.09688171466115698
-1.6204133794953226
-2.802948031728106
-2.5500177686915038
-0.7173276435223904
-1.3436030941364174
-0.08315272086473079
-0.13246005454606158
0.19030314254595815
-0.04073947877796055
0.1925864816638691
-0.1655798952537803
0.03142159623047007
0.1582192032167224
0.02952190651015268
-0.8876122689644604
-0.38481076846550016
-0.4945813492694096
-1.2546266543999276
-2.6291010493340976
-1.0523686301289223
-0.1854472788897631
-0.8402443333927081
-0.682402156035851
-2.0660016594240753
-2.7485110758557783
-1.8796892252467736
-0.4018738391497633
-0.3454475725505664
-0.13635246158168302
-0.5365620239284703
-0.5857507181667058
-0.17973247650552399
-0.038201004334757926
0.0794725022173177
0.2795990139868702
-1.3605895971332065
-0.5354322153122646
0.08387235533129887
0.14516976534227655
0.3223678746729019
-0.324397718719526
-0.7524113617776519
-0.9286336832844202
-1.1283421450798985
-1.0403425726262132
-0.6053255728507217
-0.3904372674599212
-0.44187763266004987
-0.006847025074701196
-0.11319387812103933
0.38845929574984644
0.7750521379249323
0.7244029720150885
0.6499881671374245
0.6541584230188009
0.6805993984494321
0.5682765278535579
0.19276896373622204
-0.03084538103030488
0.3416451192317194
-0.19848879955485177
0.18612965358554306
0.12964291970827366
0.3403675627843995
0.5666503918807383
0.4791638355584494
-1.0456423302099866
-1.7889233263406141
-0.03682982312892422
-0.9592279763990836
-1.1628097238582331
-0.43782019760152496
-0.8624140278447123
-0.7044590867353143
-0.19406164203893933
-0.2252448161239229
-0.40484300935852047
-0.9325431621603039
-1.3533412136795795
-0.8441069145761332
-1.801947012628224
-3.2437796675391892
-1.7751315026328673
0.03034536281093845
0.37882867753462646
0.41023368882419026
0.4303835524213252
0.5658938187788561
0.697885238881481
0.7169886275545666
-0.04896527926815076
-1.2215786136255504
-0.15404849167695428
0.4925871980484854
0.34567717228712996
0.2110456699930205
-0.7756322017754533
-0.37230268716892134
-0.3032120665186407
0.209741827546034
0.5418789866640521
0.25238380131329496
0.6557849678615554
0.4376683623998137
0.32988045003473204
-0.26753364835605375
-0.8365421838354898
-0.8536403614340824
-0.8872028676381413
-0.3157520540341418
-0.03660228992953884
0.3378083181197916
0.09332075302515366
0.5275242189836713
0.6332568752170012
0.8460869575330009
0.7878855644117039
0.9372935385831127
0.900160154063886
-0.3558761204084353
0.5413280301060069
0.5836461624803783
0.49751449645010887
0.22611668431639415
0.05625116311339194
0.2167657665643164
0.07307299859964606
-0.21483859099450708
-0.43485808100188467
-0.29708777471667314
-2.822040956920547
-2.0770480032258454
-0.3594940142848965
-0.3566232321039453
0.07081144747775092
0.35001342743389197
0.405978827982279
-0.9556799615747577
-3.2575569529815667
-1.2794659423940886
-1.6846549757313
-2.0237936911611505
-0.7586889447808128
0.20720320285194826
0.5285687366206206
0.29525963418409346
0.1509282967440848
-0.5349739282423406
-0.09480049103989609
0.25173959388882217
0.15930048061371865
0.13981251688362273
0.5046460406062556
0.5942995548448207
0.27035352283871544
-0.29257995314261553
-0.13244224545110078
-0.9164587202732208
0.003724072696746036
0.27075768665499156
-0.09166444111398468
-0.6202622217413006
0.20187369614603906
0.3929546954823227
0.2584990053785046
-0.6207556723868778
-1.042957255374693
0.46346412396089615
0.600639195833779
-0.40355499632615816
-0.6893579776884072
0.12000711819072961
0.3316849218728521
0.5117321780745185
0.35458879618551425
-0.5447311950092983
-0.3788182882839187
-0.024366783516713904
-0.20359635394312964
-1.6428535342264117
-0.2682754564743705
-0.3168055889564985
0.19373289952998646
-0.14383926361469457
-0.8046651445095326
-1.4951388495874465
-0.36922278202919273
0.5008166074752686
0.4742057933537272
0.48046938364342473
0.6832884140894758
1.0543763618956001
-0.18168467594514465
0.30408109378639236
-0.3843597948092787
0.15257044643372714
-0.4464470008749023
0.6707291969160094
0.31303282924634707
-0.6024978849617768
0.008291797465136051
0.15280855718231773
0.07191827186455377
0.35324761833445717
-0.2698095335326492
0.7409714905643826
0.9402770165705556
-0.0311064244097363
-0.5159862318567247
-0.7682518886462869
-1.130935152324744
-0.9023429725625559
-0.7348079446341697
-0.21058580950602046
0.01041138780812743
0.2516952120571142
0.2952418078155498
0.0482035076852092
-0.41505755038977155
0.3140534267271918
0.26395116094233934
-0.13276608517451977
0.28915656160283565
0.04365819099278456
0.48439120488855286
0.16478405722396722
0.516186201092213
-0.40779065931459196
-0.6082943781946514
0.12082566309075807
0.11963588684781541
0.25550714172082073
-0.4225840664810809
-0.7044042389899884
-0.09902329153550539
0.34766482741123955
0.5459786514311831
0.6487174372077321
0.43511754257605983
0.32067300993944853
0.5977577797916958
0.7088140245716965
0.865719879296668
0.7174511869512746
0.5417014979207192
-0.7500762983067327
0.005341015881928632
-0.842036653249807
-0.07554859294042365
0.2817481837005438
0.48161372735333075
-0.3756318318896094
-0.8992848325447883
-1.8208791934659732
-0.667062232340014
0.0578271198918356
-0.000612610008835739
0.1170678638229823
0.2131585519951964
-0.2974437118000785
-0.25807584645788406
0.009046621517949747
0.2392558869209377
-0.05738804770923653
0.573101445469449
0.2479106696786345
0.9391284300825331
1.046770435651512
0.8430281511282961
0.9732309925511609
-0.07039399950620821
-0.24160220837314433
-0.18844974414899668
-0.15963487325068076
-0.20927163729977333
0.4309353922320049
0.5760320508046249
0.9447563288680972
1.0179317452776155
0.9463919194082416
0.8189514655458126
0.3673604773146435
0.7367121108057537
0.6729989455699994
0.5980241178990637
0.18881909772986594
0.46417234792866324
0.2288707535454541
0.18510412550278843
0.3646278155178753
-0.5042969231923231
-0.14534615131296985
0.17932581571294126
-0.42095504388994204
-0.558290880278872
-0.5011682332346485
-0.26072795703294116
-0.871413469567426
-0.36333191433354867
-0.16726495620788306
0.05722093188567204
0.018745916770702746
-0.2793654004768463
-0.2070085201209007
-0.01546825562181645
-0.5914569674918628
-1.2678775485064915
-1.6004887437483954
-1.0674904921473265
-0.757557772698481
-0.4007820387214593
-0.4385432448689852
-0.5578068971365508
-0.9682210914676084
-0.8092031491572355
-0.4415171128297415
-0.07977295716731674
0.06954805901266377
0.27107648991511896
-0.0025637881005994845
0.09177955811642001
-0.09943030563094571
-0.5908542333994317
-0.31957583961865543
-0.6798260484226709
0.34403616797993997
0.43872291485258963
0.527167915437533
0.6443119740331326
0.544159272848967
0.2513026037131999
0.4689318184434982
0.4704609140943026
0.5324393415652408
0.674251412011008
0.4208784141953308
0.4740806383208158
0.39726627457521846
0.1634629417627353
-0.26999518703136327
-0.4394097081930186
-0.0946892016421605
-0.4868770110089198
-0.23766538527542336
-0.23829163074826015
-1.8435952705354717
-1.9305299577411938
-2.62479098122244
-3.1657198695066877
-3.000604665958744
-3.6260615642712715
-2.2166638975551876
-0.3970734343539083
0.08167763441874368
0.2524974464533987
0.39940580534592107
0.3892569007528632
0.2667861845402221
0.5822318939784424
0.6741310691330349
0.4498426552701705
0.21300227782837916
0.21378172388697497
4.680821656843567e-05
0.3605003616181681
-0.21808504746289675
-0.1809242794203601
0.3305034907388729
0.3510021788195154
0.09549535553533998
-0.7332889359239798
-0.23472683321680893
-0.003989876166550763
0.29623329204663085
0.5135826378041265
0.64642282243079
0.688416958414061
0.5926974205062842
0.567863366667996
0.5128667750597968
0.5238585303761769
0.11583027378517285
0.4700916881096871
0.7338847564967569
-0.12856241697481552
0.2681609225973499
0.008067556253643374
0.3476572418501541
-0.44071295450410314
0.22843893030837403
0.07405806976643435
-0.4756080034810848
-0.3036737008538585
-1.1552040138989597
-1.5865862239195996
-1.3360282809020882
-1.6260950499021636
-1.3458817058106045
-1.4336046353877165
-2.484401357496362
-2.727965026154497
-2.8124624370418623
-3.418820149293102
-1.5787753620889995
-0.09616497206347416
0.4663467817806452
-1.10777321255102
-0.1411679603957408
-1.290708364523184
-1.5951249941932577
-0.08973639431695553
-1.6696658320074789
-0.973294215572426
-0.029489848023741348
0.47625055631799945
0.3766030321959138
-0.09853774481903974
0.11229970156626985
-0.848087676179691
-0.8391450920255017
-0.5556274688588148
-0.3361045063116915
-0.7205972281221507
-0.17361485461544857
0.21698656202753464
0.3588897929276999
0.2883116746754372
0.5526794596162122
0.591982784194636
0.6959107736306535
0.3014922120832751
0.23251850267857577
0.05978529547876605
0.0673851056413532
0.4636643392466424
0.19758935026820817
-1.7622468878424087
-1.9206302904714163
-0.9313660960307495
0.167309959976283
-0.17700175762071169
-0.20005238223048627
0.4976116070866351
0.5045195529838709
0.5574462699766017
0.7707670626716624
0.5660818238382902
-0.4814536189097288
-1.3936996045270236
-0.25646629540084925
0.41287257024038665
-0.6992813630892132
-0.7386208871276808
-1.1757651253377834
-1.8071310766435242
-1.9480512510068002
-1.0724753817679002
-1.1725713603086911
-1.1652443483487367
-0.8346640037553891
-0.35098106672226304
-0.04197709079128034
0.39123897489339776
-0.17171322347299262
-0.381260027687769
-1.0643889155104604
-0.540195433728814
-0.9993609429170626
0.1594488515521128
0.04893977472438483
-0.47686458227430034
0.26450329396073574
-1.0226283938484804
-0.002760329095014863
0.6796740587321577
-0.8659193963005224
-0.9180116056889218
-0.41700274288190703
0.03494921804368477
-0.42321602489942667
-1.4359071138626116
-0.9031988541175574
-0.32955600322556655
-0.5570973048168695
-0.4043252930558033
-0.3319587657167738
-1.5899918900464651
-2.0719123886160395
-2.668324340793192
-0.4452449777436455
0.20064798835137782
0.5295682562008883
0.8416787433691681
0.35951146746926566
-1.0097126201854136
-2.227675896325266
-2.212683563650714
-3.379670614385965
-1.7339913417426243
-1.0490199651490268
-0.7670751199217141
-1.26002496601967
-0.8790709145670839
-1.5106793833207144
-0.9541688968224024
-1.79812525800474
-1.4056758271693812
-0.13293242769811892
0.4425864339235934
0.1919546967555496
0.08872234211503534
0.6276866395741814
-0.33369432960087164
0.1820234014595613
0.15932166437603723
-0.3025449111555338
-0.7037700494257142
-1.1878463066134988
-2.578468542693387
-2.1385287176487786
-2.280584735312294
-2.5548395979389893
-2.0116875597445025
-1.0127296724326302
-0.7140242705640661
-0.4374786025690532
-0.7150714386937475
-0.39363302646681503
0.17233142351607467
0.13262171634493308
-0.7783967057497263
-0.7359565746399226
-1.1997869948232271
-1.5750285361314373
-0.3686973549824921
-0.7320055225166506
-1.2057020420375621
-0.9353906173899426
-1.4494502600968324
-2.148587531417489
-2.011481879951592
-1.2577342647736098
-0.8000549848120018
-1.2545325368665143
-1.9549885563813083
-1.9949649362417856
-0.6042764352851255
-0.2542999304219126
-0.317942944472532
-0.7564883790258766
-1.5908808234675984
-0.11821697921851394
-0.16466492444517433
-0.11214085285271293
-0.06226408375726898
0.08763447820544189
0.41475172621980894
0.8638978667608039
0.33751050518220294
0.8937565668038999
1.1806826176834653
1.149260085338382
1.5461700650012646
1.8052620947209517
1.7169714954420996
1.3296094750595107
1.3310357233732468
0.14129918114176182
0.7827549811492833
-0.03121176627523447
0.6751921613917675
0.24958476328970552
0.4825677382264866
0.7646725385171614
1.3260779308742634
1.033065171078066
0.5596078337228935
0.3807663557045292
-0.5200114137067655
-0.029351078751517046
0.7890855579691018
0.19030580488775978
0.5126228554357978
0.21885224120302726
0.5593598596092534
0.9544919985539286
1.0285826842850474
0.8747851353169854
0.9663265225214092
0.8174868060939038
1.045147511114481
0.5998360901756523
1.0182297073201994
1.1235209364221443
0.824295805789438
-0.5461200046400411
-1.2242449747934907
-1.708337301667153
-0.5166921599895726
-0.7621136249420741
-0.2247618906521917
0.5696552577233006
0.834413247312421
0.4890841103491343
0.8596610803908591
0.41521935279519945
1.1967077731198779
1.1169948286632019
0.6881218185439776
1.1367432155600703
0.9093640342855319
1.0153377563096546
1.1317254081078274
1.1375365261110668
0.9392614355751452
0.799500792772562
0.9431779737615885
-0.44694594285777794
0.47607808692487086
0.8430594360473089
0.9873293224212848
0.5781056416828976
0.6232075734734092
0.579930717191859
0.6640264795912779
0.7828605622684959
0.9720866356243376
0.6538646088087823
1.217742061269124
1.1764662251493314
-0.03210210280252626
0.7235529751756871
-0.8903324199824697
-0.07359098773003808
0.5958216676117126
1.0646191823785238
0.9981451861381974
1.3087302598539625
1.2780464545864592
0.5721171144246774
0.854904619865996
1.4115743839607526
1.4038357213558479
0.8640149926132966
0.06998966988435144
-0.4665548710059979
-1.8302579820355356
-2.2425147241158725
-0.23273912586572376
0.9681424258749114
1.0216317099329566
-0.650272778611985
-2.257654801578961
-2.104967112673932
-0.8319883577624059
-0.7197689157410133
-0.7819880839724579
-0.5677129892222045
-0.6067598353759595
-0.30753666488110293
0.4022100669314229
0.24284151266323667
0.42204500400840433
0.6421030951161361
0.7177866962125915
1.0017088732784487
0.5402737991607682
1.1203677207478417
1.2883421785538032
1.0646073903321402
1.0439470333126446
1.4120969001103452
1.4677827374461199
1.3188332258466695
-0.043011404435062406
0.14287997551035297
0.16313864347492724
-1.3639359363718353
-2.267912279520725
-3.0647597624823737
-4.357298928880527
-1.2580478609632186
0.21190223637038125
0.7233937707307769
0.8382215492670076
1.1029350825703914
1.3174567354716125
1.0046107954726955
0.9133507261549698
0.6790539558744815
1.1425999009677443
1.1539289487622888
0.27388199830872484
-0.15473219505781427
-1.3122708897955022
-1.839459347312067
-2.378983798625655
-2.187370996698963
-1.593251021697828
-1.1270954787209984
-0.9843534359218186
-2.22836191108458
-0.9901922890567362
0.07132437143008205
0.19309443374148189
0.842370022646836
0.3834264119793118
0.008802372845480556
0.1951382002446223
-0.2539997208442442
-0.32845143255540515
0.23857026610818444
0.4915595037593458
0.5339284248914904
0.4842781020015381
0.046394772149027694
-0.8364933111691959
0.570253072446312
0.7782195653183852
1.1616780220727088
1.4193351991098426
1.5341054900795232
1.49542771988197
1.5484769514740622
1.5185494676293718
1.543730826524212
1.4851678409774731
1.6006740767774803
1.4785751495252832
1.7431431134850888
1.5516817647873962
1.6385514579405756
1.7870304736197
2.0670783437796025
1.682170356517795
2.0214853033300253
2.0953535691167873
1.8462340326969342
1.4677778456859962
1.6267882299113043
1.5262510526340802
1.1805858481967304
1.6465470115018237
1.4535812752812778
1.6461127014832864
1.7186844501518794
1.8693479160011177
1.6758914441088393
2.125501571340421
1.5977210730398728
0.8492275407628385
-0.20314378735058525
-1.9147566998683363
-2.8646585344950752
-2.38278304170335
-3.4230472688671343
0.14516040293118493
1.0412038578097689
0.6723723314373118
0.48736682492806416
0.6302930393849631
0.7416516834387872
0.5176669958879525
0.8304149885553024
-0.0656586279547608
0.33454037116402024
-0.1925196690467728
0.17890964738244708
0.534749381810265
-0.36985148678702223
-0.6341428517269531
0.18699093008868695
0.9309187477165591
1.0172519990976892
0.24002018097940564
0.5304912754335659
0.5096699175246163
1.1213903734468722
1.0157055350633433
1.310141756323283
1.3012711823919623
0.541151503913759
1.1703409913281253
1.6663134853741177
1.4142301577076568
1.1233137071609016
0.9450913223760395
0.9843807247550063
1.1957678834125054
1.1139830135295359
1.0176119029855932
1.2560385144632218
1.0086744154130163
1.2512948053384818
1.3928845199416768
1.3481496847111085
0.4304384268654386
0.7031830813438994
1.058186972170649
-1.6531833368643432
-1.7657744851251773
-1.4438467209868147
-0.44300545323990476
-1.1919014414540448
-0.0007499200237479006
0.2602190119419423
0.1075480425137635
1.1156995369552818
0.7364888624854649
1.1093481080472378
1.3852923079894375
1.4732040810327107
0.727985000687087
0.47764680105813123
0.47800933421152303
-1.009283295488824
-1.7295363509526525
-2.5954479381567253
-2.1415357789238842
-0.0627793338548204
-1.7847949593988657
-2.2995905641552823
-0.5793910103081196
-0.6704282062181187
-1.512941420413057
-3.615191884854819
-2.229361840153001
-1.0113861569513136
-0.782778202843135
-0.15349258167841417
0.12394179381807481
-0.375190629187126
-0.8064360834822066
-0.9420154626694615
0.03457879170238893
0.5996338669495569
0.9290981808706469
1.155106149041243
0.9978896976309847
1.0310653616495011
0.9736368168247023
1.0447253135613668
0.36040920657039643
0.5381560915959063
-0.3227151173681356
0.3823462971794665
0.5391014804806095
0.3537024413269944
0.7943201422704728
1.034891803966738
1.147749082718517
0.39570294093976505
0.908631200423253
0.818703170615714
0.7721877682379285
0.1582601458975595
0.24375557288326416
0.2456640998818716
0.22836655019772045
0.14667946958709327
-1.443368257570958
-0.8961467223331125
-1.9843022231593472
-2.557878456471681
-1.16398034388456
-0.6728394991503458
-0.6494280223313256
-2.694896922939349
-0.6892643919943875
-1.26339881149733
-2.606878503431985
-0.46778728459684243
-0.24889211369213265
-0.4131930150952429
-0.49010750093888517
-1.2793207560238133
-1.045322181311773
0.011356665161099858
-1.1582115376918556
-1.5168986452903312
-2.552440633719357
-1.8039541615900503
-2.070278090500075
-0.7528389380764734
-3.1250242446610224
-1.0469196090265196
-2.006382267128172
-1.9879357751727644
-0.2290992380834963
0.7678534564437693
0.9307277646949496
1.221538348213457
0.9675562089953271
1.035879242714109
-0.34234023505285816
-1.2508245571736223
-0.6327917004294629
0.5728928652511494
0.8383975641045672
0.6359361655713758
-1.4661193578372018
-0.5270016974090771
0.5414730738021343
0.6826994094958484
1.0968209880344832
1.0103963058056675
1.1738887286932922
1.0921373896737936
0.9546310401941422
1.0117777616151133
0.8791927262758806
0.9432167462363957
1.021602638781796
0.7563125546802807
-0.802361438417221
-0.2221801338506788
0.5102370082543733
0.8851471550946874
0.27591398703353
-0.7010305838862482
-3.6389159821576382
-1.366317923784395
0.22286389677471913
-0.7505886454800894
0.5472391204038228
0.8786213126088553
0.6804756297592303
0.04515235097446699
-0.15570362513738378
-0.245117368940989
-0.8925417143141131
0.1308250912854475
0.8245101878816874
0.7027669418264852
0.7517368707684732
1.083862657566231
1.251240123401281
1.17392276668982
0.6955300619708026
-0.5775470153269625
0.10410874077753964
-1.2651203189815516
-2.0000111935418223
-2.464004873761581
-0.22320439658197833
-1.7510930909198066
0.20242975446185446
0.7169801538111386
1.0507823326510284
1.0954460282153633
0.713262857156395
0.9189448258160904
-0.3326182586825333
0.7371783559821686
0.9183213226480522
0.3086567173471119
-1.2564265546324875
-0.27640064378300794
0.5399886098372855
0.011736273516715592
-2.487870857447634
-0.7783009094883694
-1.7270808212303652
-0.47920011527319806
0.6248847082971517
1.2816166370109174
1.0818094860105583
0.8314783779161897
-1.1918248425988285
-0.4689076780558037
0.5081011917428899
0.1971301502124509
-2.15091682839206
-0.123390152223994
-0.08693610914970222
-1.1082621066235403
0.33654302271145226
0.2419485069263259
-2.1233924314556254
-2.278323214428675
-3.3777083174045135
-2.380823947128743
-1.0905304038135022
-0.9725522134153501
-0.7936235511310276
-0.6908729477303764
-0.7536985375915682
-0.8260225532060884
-0.6941231330956972
-0.26567233658003786
-0.7464206116311815
0.2269836229954577
0.0621425354214739
0.5150609559703472
0.4266851058383538
0.1775463138086591
-0.37057854609505303
0.01299153490326424
-0.5370580025140228
-1.572712826195403
-0.2588063321309993
-0.6179070082716042
-0.7657518703607313
-0.23302618546670384
-0.9779482464019179
-0.5647379701397297
0.030136502423619267
0.7015003255475191
0.9727305764187922
1.0413631974385398
0.6671060948273598
0.9070483556672672
0.3638555840431987
-0.24622898071350646
-0.2015254141423387
-0.5064729164759826
-0.411306031466708
0.013203159126515075
0.19503083761766166
0.012659701134134263
-0.4345468300027043
-0.3733218865517279
-2.333205689069283
-3.6640606527826716
-3.603803828046575
-3.551386787687235
-3.0889592950145377
