0.39643663634477894
0.22539045397052623
-0.0038758807421545713
0.11315934141997479
0.30063989141506675
0.24128646334380913
-0.011949987575666742
0.06533847468562301
-0.08078045497899798
0.23399253477083695
-0.6502021707261767
-0.7347226710717453
-0.3935373879065576
0.07295428915373889
-0.15685256105766152
0.053989519673611146
0.28336752563672457
0.40711273784210394
0.3006821439907447
0.6150770239828433
0.5793309449608063
0.5473600978552777
0.7005728865978753
0.828295097523843
0.8633973782416724
0.8271005374455351
0.8780937336781119
0.6353102097351444
0.4725435385251546
0.33250752867097516
0.27940840062157435
0.5428944361285061
0.5406946162792763
0.5160434947022663
0.530638970545416
0.3533840336708315
0.6142934053502436
0.36027735833462843
0.3707073304998325
0.5385964667195987
0.5572921418162307
0.8967521495976318
0.6125338015167145
0.29790671095090115
0.2970683397832334
-0.018033082150144146
0.31330561365014953
0.425496978162438
0.4853149065915418
0.4575192633226785
0.09599088980294887
0.08375575495055525
-0.06288347579152599
0.3154069452008834
0.01522669760980504
0.19356208484865162
0.22873058483351563
0.1421131172331936
0.5565257126982862
0.7394458124435578
0.6256931229023903
0.011907264607045796
-0.04770981495226242
0.0861822749492165
0.14940967956479326
-0.14306061200162654
-0.18586621691125946
-0.4592708230748722
-0.5263001244375154
-0.5242943210613414
-0.3019508138845256
-0.44401498863095684
-0.11614337171645352
-0.07614182075458649
0.34036246961686045
-0.33358087659888025
0.017578911476394826
0.49815045808225
0.6735455286235955
0.5152852217511404
0.6358015260661198
0.765859204313966
0.7635442434876614
0.34363995050733787
0.7851487413946727
0.9401586246027722
1.096257562493592
1.0407891711810493
0.9638740977110193
1.114815271398413
1.1161236309033975
0.8923424727544718
0.8294627536598483
0.8750365212608168
0.1738219511934623
0.19830535094391546
0.4950392042259526
0.6136047316143265
0.6026110001316374
0.621161211798702
0.8386693501622409
0.7180955147506741
0.8408026171035732
0.6707747115533025
0.7324057996341271
0.8847115933598309
1.150526931125603
1.1211060017196357
1.0422950412015068
1.0033331478265322
0.8479790404793404
0.8470037906140385
1.0741592831959532
-0.21889303942642638
-0.48509829445844554
-0.5962067361160273
-0.48253663115231565
-0.3051459664435323
-0.13062357432390476
0.04809843527815718
0.24579010726137887
-0.09687578385839689
-0.3003012703007547
0.21524396273523197
0.08557559705718375
0.2345866923340114
0.4418496745188486
0.668593173386792
0.8073681091403544
0.5796373359929076
1.094963448523161
1.2006582322233172
1.2810474826612346
1.219809104187439
1.1579170407095276
1.2072674414123605
1.0667432311808083
0.6388926640859566
1.0903398980557768
0.8384109399815345
1.0105605191739802
-0.8350724220967156
-1.3908058727144714
0.36736228485413075
0.789710351111834
-1.3394938181456133
0.6658421269733972
0.36002431763878373
0.672355906002425
-2.1010348894813724
-2.6740798285667546
-1.4789434815141183
-0.9910102272342646
-2.0876662431894917
-2.1112255934904183
-2.7896733377339067
-2.0707355065004327
-1.8847933040139087
-1.7682345186065873
-2.4839179266273903
-3.1214055637154186
-1.8152453635794983
-0.5318455916235879
0.06689659998953883
-0.06339612369215404
0.19996077440822907
0.6413092734910807
0.5435456772178483
0.8910593106061999
0.8621472552364129
1.0124914036427897
1.020809373039866
0.49462740211250056
1.0875212976929294
1.152433355994961
0.9156691531057544
1.1580980496209277
1.2918413269390732
0.8082655179002916
1.0974220628151978
0.8180754772455117
1.0623713015163736
1.172176928061464
0.14752041346453615
0.7563411313521173
0.9707095000664598
0.9805681613155528
0.2891515702021865
0.6017315729275985
0.657608669700787
0.6860535834297536
0.9594933650503004
0.8600106880785807
0.526987505494134
0.6613720324456358
0.2799102461460068
0.0011600279680534014
0.270295665303911
-0.9737746399178242
0.11586586907444693
-0.2328135230280971
0.10901716285107978
0.21537294196831647
-0.30424035043070696
-0.562770146180775
-0.12081037524373105
-0.43203073992576496
-0.18840277997443305
-0.620722423298561
-1.1582289584154377
-2.6865115047750536
-1.3167453069388668
-0.36534204363327993
0.19862159552747202
-0.2328332399439563
0.2202230397828863
0.3837526183652827
0.37060559808387233
0.4345342139663414
0.5195995701532095
0.6198613557505874
0.8195321807103308
-0.18813968064626946
-2.4393031052544654
-0.7633330853400746
0.6084740546449237
0.41189809623827783
0.9543359831554921
0.46952162256910307
0.04363993127647699
0.035718363312534716
-0.8297480744050347
-1.9337029819217648
-1.8023047289219514
-0.9583911175882145
-0.5233637085984254
-0.7876739850083656
-0.0634440819297001
-0.05173036377967016
0.06460758598146431
0.38461130740142985
0.5003584068690468
-0.7998745247229607
-2.138004314373288
-2.4425404918907145
-1.1224169624855376
-0.9987203165765397
-0.4425302429115064
-0.592555636506466
-0.2105783412603006
0.38183973230260826
0.6102686622635448
0.05445397872104027
0.15500635443364041
-0.9551589689064566
-0.13707757859654676
0.2553197625910254
0.4230864000469123
-0.5432622955637533
0.09189968755066451
0.17878193938790213
0.29578978202221157
0.6243279060388552
0.10661471318943504
-0.2986442256684844
0.8020982592442771
1.0391769498565555
0.5399952897849439
0.40847544102406114
-0.21777144821076497
0.40844861620775924
-0.060218192845824116
0.1284629560198942
-0.061427709916189566
-0.05198734222957454
-0.5613240807600083
-0.014637858381735067
-0.6633060356167891
-0.7597227996607908
-0.9920549577422881
-0.4801918534853504
-0.8874818100914528
-0.8233595824439847
-1.0197607827925343
-0.655165994756894
-1.0728371289832284
-0.43646217109142726
-0.19277636847469634
-0.05252354171007055
-1.276906260161515
-0.5203525329053179
-0.679943116864353
0.16993977801192572
0.5640857087943216
0.15978785651516117
0.3701388851579113
0.40424882432740517
0.7595845774629679
0.8373775793830918
0.8516987555250849
0.5198198682352105
0.6449062421434193
0.09495709942765741
-0.8133496480354256
-1.4134370790328723
-2.287282295087028
-1.1007166351230826
-2.5353636452618176
-0.37866384648094814
-2.619467263095512
-1.7175304252230208
-0.3062110297595533
-0.5726981648412164
-0.05659255010848802
0.24089068656999177
0.29417516023043866
0.49775373983021487
0.6617210467080374
0.626612931926622
0.3872304202604101
0.33031011167468927
0.4529496777648032
0.7375590318067256
0.9029202005278313
1.0852376891667033
0.40210043392103756
-2.483698811470547
-0.38087932921230805
0.06826173099004143
-2.7988108172274146
-0.09625526736763859
0.24059997660071214
0.131652901757625
0.11663100398508826
-0.13570169335038593
-0.2252967117660116
0.08880386631649306
0.3504143034512315
0.49198466763675325
0.38078145330326
0.2508012106615426
0.18257423770759082
0.5545636979364377
0.8721604399268805
0.5642845256787221
0.7797205398111984
0.8713562909980586
0.4234245278225606
0.5457500605923369
0.25875874935574034
0.3496984042475066
0.10963619432925777
0.3006294147228976
0.6167912995845054
-0.7857728942396275
-0.49435714224033406
0.18514625388180384
-0.6147726486167118
-0.12747006291616145
1.0573159110914763
1.0216645233488217
-0.38640482220017014
0.21911413894010892
0.708475478975247
0.284578401317213
0.8039553144397109
0.7081625896387532
0.5010099592279558
0.12782854731172577
0.7845403104444849
1.589501993715553
0.31497111667478916
0.3471193715373201
0.8232852324447986
0.7985574406213627
1.0149414894404982
0.8598496060039513
1.119795123479913
0.9388841614031377
0.25737128232037443
-0.21255301678212463
0.3348178157768442
0.5941736049821815
0.7659914321960434
0.7887992518436178
0.2583545407013428
0.6680900043522487
1.0073883186455574
0.6496813189463009
0.8205980832120736
0.8654590951638684
0.4606410132032215
0.5602719823130424
0.506421682385279
0.7399750092585934
-0.23044009402401197
0.35313547776138543
0.7707811601855177
0.8603253410102175
0.5442852682967128
0.06554144496278953
-0.641554185493903
-0.26589895274881753
0.23923472634506485
0.7020906356278749
-0.25026673606159744
0.04334032273194447
0.0457901731493232
-0.22537076274405887
-1.696247714970436
-1.5466497403425077
-0.5719310303431172
-0.043489580714749405
0.27785775108203203
-0.15968054315817393
-0.6302230746762417
-0.28671401166123756
-0.08833350973206884
-0.1995788015009213
-1.710558129185638
-0.3573599530569781
0.2040856655342724
-0.009320268142304085
-1.3638788083675817
-1.2017322709171663
-1.3288353691638293
-1.0648372971878644
-0.7101084346556907
-1.0182396485892973
-1.7204241888445486
-2.1472781256470914
-2.4168941705229585
-1.8305930468792992
-0.8721474409039867
-0.4210031221990671
-0.13866370212738408
-0.28301024763579796
-0.283594023339633
-1.0872844958467875
-0.5902547265694009
-0.04241575825262887
-0.820500154150393
-0.8102317734592623
-0.1763122016987463
-0.03934832222880257
0.5765150371630393
0.22159518819014742
-0.6167388605322903
0.03256616644252023
0.356929708971064
0.684758978785333
0.7251976440549296
0.7889318668217019
0.7663228118954163
0.7126968442853545
0.8556253103158189
0.5019321953517087
0.8310782354915377
0.6246640343892684
0.3010942967701933
-1.2249578812454212
-1.8032132547549993
-1.3720537523074192
-1.3103138127538962
-1.6161390345090347
-0.9623698330240744
-0.09563085773367323
-0.8610116321354848
-0.5468505254783986
-0.5433085232854649
-0.49093906974663526
-2.3585573521018772
-1.331005200401917
-0.583190957888042
-0.06429237052650379
-0.30509888483387165
-1.459494445031427
-1.3884352117810017
-1.3621072493086634
-2.376796824100366
-2.4032404661253786
-1.576187134251777
-2.5480700266919936
-2.604776307356235
-1.1909845328365176
0.33969546777955006
0.4228096243027697
0.17962582216009135
-0.1244660001921332
0.43592589870749576
0.031150433696042933
0.1515789765091128
0.7295095117695574
0.5538662794888011
0.5682597234445941
0.7665473955023726
0.541253088932862
0.7020825113707332
0.5644432747557573
0.5560879447082843
0.6599162619563784
0.32023888505824627
-1.771057676931672
-1.0702437516171925
-0.4434802783515647
0.03822260221910085
-0.024050566138000672
-1.060078479444566
-0.701405880960587
0.4306489630093792
-0.16464609638104138
0.6830261454184983
0.8149263925197884
-0.3322426798516933
0.7902648051066268
0.9064696364024549
1.0586175982807773
1.2336896895717162
1.1569747191122512
1.0650780638575177
0.9229523279346262
0.9909137450316365
0.5740622311691748
-0.2839829838331225
-1.8993755754382826
-0.9935259408751165
0.3330517225047555
0.6924340123895345
-1.6258287804259297
-0.9293305997657987
-0.39152611313946306
0.11337597744266824
0.5134050198636846
0.4236796069154183
-1.5713421362918611
-2.5662734774332483
-0.5086055902886104
-1.7671959065577627
-1.0076467015657598
-1.9487727220512434
-2.855550196256713
-0.9016830199904694
-0.44174020189115054
-0.8253831490584017
-0.10230371660426613
0.49106815226840095
0.4894802018918965
0.016866337556763086
0.46504979511996347
0.5904661474456382
-1.2262280378739752
-0.36667937126336503
-0.0022943779523661107
-0.2826689826964893
-0.7106553875783546
-2.4473108630966154
-2.8617872243033946
-1.9262737770859621
-1.2609158782801277
-0.5428525244677461
-0.31360234096235945
-0.4242511249732933
-2.3903928359715265
-1.431264822903321
-0.36132099312236005
-0.054269139471549994
0.29083232380829915
0.3860329664411193
-0.02279110133536855
-0.8371234886732597
-0.9149798189541263
0.3496419620071943
0.6069868828677623
0.33716498021474267
0.5460188081167316
0.04041124767199319
0.26586529473716636
0.2006864565152837
0.010623716070717371
-0.06790440849019216
-0.5423131018338657
-1.7759822608991673
-2.3398153824051127
-2.7882873646516373
-2.3659850005955683
-1.2915119087834654
-0.882714681789719
-1.9746229134753506
-2.286122726211862
-1.2807250318932635
-2.016164188386993
-2.616232066712374
-2.0973866075227594
-2.373706379425691
-1.9352625640616297
0.15897720458070838
-0.5541854660649225
-0.45736426572438077
-0.2509273459964253
-0.8307834650035629
0.4082645593209133
-0.0019910132427028533
0.46788551271850937
1.0131180630501724
1.0293478256223396
0.29933574376447125
-0.1615217736451127
-0.9919302445448469
-0.2346632089849921
0.16873833729538013
0.37345862887071096
0.18239084796975222
-0.5234981030159574
-1.3552730870721947
-2.1581092530513035
-0.8906690743409076
-0.882047788810497
-0.9074704070710611
-0.8543572062752218
-1.8074869778338292
-2.8937813402488177
-3.190656369429332
-1.3872761337953559
-0.7862737771293051
-0.7468871784572362
-1.902411073703917
-1.4605519056356706
-2.1256395621667297
-1.8234271361502168
-2.0765336476102823
-1.1018840169593236
-1.3036313204193792
-1.6206262498930786
-1.7178397349366985
-2.1238061163156976
-0.6209112079757705
0.07540466266422331
0.5042599512564482
0.4877627834387247
0.3826703015425246
0.436309990714782
0.46263591855980524
0.3283356041101721
0.4582788727335112
-0.7556057150617954
-3.0127992802408485
-1.4889479035365105
-0.42196545742684055
-0.9670423650794469
-0.7538398797032766
-0.8249398859311312
-0.11107364704688524
-0.8716597283906475
-0.957394698478039
-1.2601070980527265
-2.1324269915586997
-2.853002326808515
-2.764356205959494
-2.112454562177327
-0.8806317884752584
-0.5277448481866843
0.2341186336681043
0.02793169412083178
0.19871507812720515
0.3945684928763267
-0.31393016174862776
0.19268638053819825
-0.014836988952532961
0.4853649078105506
0.2386973148359858
0.735274982231795
0.11714124762768156
0.5963170186731106
0.6193586159892788
0.07652408705769949
0.36993866744523785
0.5010282521864773
0.6075574864202365
-0.5218523453214675
0.07907467923924852
0.32542876687030836
0.4363469626868726
0.5867463425432835
0.6433323747114611
0.32179520029769104
-0.09497037738398292
-0.4951363107697648
-0.373865216630618
-0.22020432724742067
-0.17757336889709582
0.42905048210111657
0.41592790156175596
-0.262674141182568
-0.5282537304151336
-2.1525373314103144
0.024324792476390692
-0.2194766078274625
0.27222780636916777
0.24877064969717236
0.13329942599846137
-0.6065395553452657
-0.8459307094154656
-0.8190766096601643
-0.1273251822943947
-0.26301745222485795
-0.07305809387523861
0.1814836812770158
0.47630523294114435
0.4202751657171969
0.40806836936052404
0.4493787494030803
0.21498144789385903
0.2545517948079431
0.06298995584487434
0.30377259072080764
0.35217917439876784
0.5490841219021732
0.20806711504762568
-0.17150073126916143
0.2575325382001172
0.3921926919968743
0.31215303672344563
0.24367551980207333
0.05780896079937988
0.4645519486690518
-0.07456448754295533
0.11914374808948665
0.23890690123487365
0.20776102619267023
-0.7555928447405971
-0.34990799807258083
-0.24933328040922514
0.02562019723392295
0.07378486299579706
0.06948386622103755
0.006635093134368139
-0.0392128721369151
-0.1625359456553744
-0.4337355714495323
-0.5676307847268327
-0.41104859012316447
-1.09321671398226
-0.1418040496038825
0.5357689431822947
0.37670476403420106
-0.4046464976721719
-0.648553418521766
-1.1955218501450526
-0.5315059683333528
-0.18395110830140163
0.08396762563941162
-0.07565747061070906
0.15028344462048365
-0.44382913913849864
-2.3120504479850954
-1.8349640898927575
-0.5031621097444777
0.1251570045859419
0.06046914914964183
0.39443787006769526
0.14615289732632272
-0.11022058902923046
-0.1073632340723084
0.13159837557569348
0.20922478528559627
0.1759348287900644
-0.48208116907671317
-1.164826226211866
-0.2924385394278702
-0.22280265262458554
0.13776886206193695
0.07959298831169384
-0.33050242218495735
-0.028951680030672288
-0.256460962186916
-1.9720044918190534
-2.5432118816559246
-1.5697910225514426
-0.07651820420404443
0.06439719799806953
-0.21215926099883967
0.319687008297339
0.5600929683179682
0.6144290134311268
0.18235761033801748
-0.37060149549434657
-0.5973722979459453
-0.3019876097803972
-0.8849167898280678
-2.49436643688179
-1.4433217088997046
-1.0571911145721435
-1.131098797205464
-2.049546469932907
-2.6343887489244384
-2.1089725928446783
-2.495317730886372
-2.5702357710994077
-1.276966163076339
-0.12382619779812862
0.25725680353143315
0.2630086596628294
0.4312642199776569
0.28555107362255466
0.24657344036431586
-0.6301337042010533
-0.7822398757998484
-0.09398651541319507
-0.08154095195607515
-0.4778805996286338
-1.7824651483721883
-1.1326729132264486
-0.021342618080340544
0.3457190634523852
0.624202042385156
0.656230218672088
0.4024555994212994
0.6433362549248914
0.886289800818922
1.0629203411803465
0.8474399999688175
0.5422405294536042
0.8822390956994306
0.951987599997846
0.8645136581350243
0.22662928944226335
0.41913921853390146
0.6679527956397379
0.6509089071826696
0.5969894602604333
0.4639526691587086
0.30451410613805424
0.5992134488776557
0.5637369922283919
0.34121538388020733
0.6309156872128395
0.05828370609920521
0.2922361659800704
0.32552564646908105
0.06731349478252074
0.3993682135038567
0.6555810749267739
0.6355837194072271
0.08299405245084844
-0.1174478220561465
-0.09540550233934668
-0.7694319495345145
-2.1536033456210353
-2.524631951117365
-1.2519524228844583
-1.3506487552982795
-2.8505719208476936
-2.931141544727369
-0.9811879963229344
0.03955210614134161
-0.2295461870364193
0.10838327563172719
0.2726231347159491
0.3022201514212144
0.267634358506615
-0.9043813916973019
-0.6820827053750032
-0.17529015905336734
-0.12148120692512392
-0.24285422308287524
-0.20248283888648252
-0.6870262127984412
-0.005333907811448518
-0.022969889741216627
-0.7643832101654268
-2.1448657485043627
-0.9512714834105036
0.24046881519612465
0.08054668965686283
0.2717464577250147
0.4709059039546878
0.7720968427395756
0.2760691546240992
-1.005184999140485
-0.49024232034650506
-0.020263465213774815
-1.3411957932197338
-0.2398394060128733
0.2846074842971081
0.061091686476205616
0.34491601638941494
0.29852857382698195
0.4540541819310611
0.45547090510043237
0.5108545608203918
0.2896082050634556
0.03326034727263464
0.4665119498403938
0.04146745419472342
0.2310164016696635
-0.09115654862628585
0.2693516089132523
0.2073205104518223
-1.5957708362124792
-2.590541065468966
-2.6138692497147042
-0.9293157564945828
-1.498581466251414
-0.18562289149006417
-0.10608267218720678
0.3056746161436126
0.03774100983904807
0.2727699364594864
-0.07481139594609836
0.06895422014517205
0.19938823648123682
0.15344256113835997
-0.7813788530097936
-0.30917747073687535
-0.3172054106845101
-1.1159168730937272
-2.2017975738456994
-0.9212615508435593
-0.06027811562585214
-0.7396465984307083
-0.5242008787000431
-1.863498589128699
-2.6371149815169033
-1.4171260138663542
-0.3577507447107503
-0.28939696308577345
-0.07874406443852061
-0.4227230930221085
-0.5104167759136966
-0.20613626470860927
-0.0036942409333681355
0.1030519220914966
0.21499916688628803
-1.1111745112807634
-0.4508761830421784
0.20749385606462709
0.1455319307354662
0.3517924969984267
-0.1672306830015221
-0.4221705270502142
-0.5160952573325437
-0.6397121418073615
-0.5433972652270272
-0.32987924840833144
-0.18021640346083387
-0.47417217646720516
-0.11264460761711965
-0.0592803112770186
0.4385782910464492
0.8702284119502752
0.8667867004232306
0.903098187543322
0.7650952877604024
0.8839588728983062
0.6687791166202177
0.22747493343509542
0.025902175962356572
0.06745115602368246
-0.39243925019937764
0.14661937042455403
0.044634372624599114
0.29448253875382996
0.572410250436266
0.6153316688314302
-1.1955830677608763
-1.803657022471034
0.0030943485617382594
-0.8672851106181957
-1.3326746007013102
-0.5722911348779136
-0.9311753195501868
-0.7797980854011275
-0.2680386395428156
-0.24217375633147467
-0.36261904065137057
-0.627443439966845
-0.9581432995774296
-0.5280143249589566
-1.782292028191532
-2.5791804288956994
-1.6660135542511583
-0.10103258427728425
0.30538566121043687
0.2899064142339453
0.4073718299473886
0.5254427117513589
0.7220642407157016
0.6954695064219991
-0.030637951520764088
-1.400052628621096
-0.12034388445057725
0.4384975828178313
0.3596397991512395
0.2267036956565382
-0.6849329714956702
-0.276836990500046
-0.2118382066194897
0.3117960315570668
0.512495607620887
0.27609261655376527
0.6238639499508308
0.4741447018667876
0.33511861687080313
-0.21283606108138778
-0.45488526562355014
-0.4453857872082372
-0.5165064690409027
-0.11044437390197566
0.06119730457738216
0.3944744542007635
0.1324431716815746
0.521401222623514
0.8172733164178219
1.0995550340335782
0.9277582634299669
1.0788501075956254
1.1351610641045455
-0.34183850117442977
0.6396324921651988
0.7741765057575036
0.7040629930758348
0.42627376451571963
0.23537781246700243
0.4039400534487405
0.20818555312727063
-0.07082191904307668
-0.29244855362732386
0.03596614071879965
-2.668262813518491
-1.8227869813410764
-0.1391910739898
-0.13350857918923364
0.2799574001527596
0.5179987036027611
0.6456892697617145
-0.8193828495586353
-2.802703770563711
-1.0483682955247082
-1.5836430008798115
-1.7172725808075853
-0.4819216873454318
0.3363300486979265
0.6509239776758389
0.5645128685965826
0.36363306825598396
-0.40214917194096156
0.04597677237603708
0.40356819262082755
0.3893536994820064
0.23532578645443447
0.7039092380455635
0.8218988466791449
0.49191338708551485
-0.1739324571948704
0.16029807086911313
-0.9735708513195835
0.13860005795257843
0.42265167555786304
0.1050223712029658
-0.5610836941305574
0.4506558452609231
0.5841032000760276
0.3300568306824079
-0.5448507741956965
-1.197352023518336
0.6561344644084465
0.9369008855677374
-0.13341655425082927
-0.536741686892312
0.3530283319419971
0.5606512518191226
0.7457869692449506
0.5740777857696985
-0.32687869816292
-0.24585545951706753
0.12283104528396495
0.020743820579933816
-1.6880920235816157
-0.10757882410608574
-0.21614780800933384
0.3760459450754443
0.1131859092204134
-0.6455480642509844
-1.1148384342737172
-0.1745899518631882
0.6491884322285324
0.713382630761522
0.6750282342327055
0.967383734060378
1.2135884770803123
-0.10395494136901527
0.3625504854761026
-0.23987060595659712
0.25017714182369183
-0.3923357181072943
0.9658660030820518
0.5615959845480756
-0.5031551647327939
0.17539680439284647
0.3363395384362031
0.24445527131896874
0.5556358219792776
-0.15484476826791532
0.8982376584356734
1.2023263379834006
0.1326727076504963
-0.4796597893269112
-0.6425356898374255
-0.9903737524506365
-0.7176698870348572
-0.4757488060142262
0.0027770575537418756
0.10594301713849086
0.3547303003720581
0.3859110133620718
0.2381614617347043
-0.36433703996898664
0.4355963913697569
0.30173642486888275
-0.04395681044265789
0.43132269863290396
0.19263181909038177
0.7076996443553342
0.29628838005883995
0.8046163902189098
-0.27489844941526465
-0.4604493118300564
0.25982782927099085
0.2096509819246359
0.3028466433898576
-0.2917252536097594
-0.5108409938514151
-0.02556407200879095
0.3714350770829681
0.546555872192484
0.8671901976497499
0.6592371450553955
0.44750619406550324
0.8411306953623803
0.9291682122050335
1.069989046639926
0.821729227916031
0.7562206721588443
-0.7038269674568638
0.11574464286541215
-0.6357103474815744
0.02149836551523972
0.36207086685040635
0.5123722703383089
-0.29250837821837494
-0.7990102045210752
-1.5080690298866555
-0.5851111038857907
0.13878820571984204
0.09298351696376973
0.2088076441327035
0.35593570140764275
-0.22176259334544068
-0.15040006999234806
0.054130864667008595
0.30078189879227496
0.1251891565442081
0.5115130937639359
0.36894273973601893
1.1771471905164588
1.1948578600809858
1.0284502335799568
1.1533175252551053
-0.10502997359002762
-0.27418190439736834
-0.23968494779545169
-0.022969929327584952
-0.24674261289043115
0.5287937621908456
0.7483004449859917
1.1018440760989248
1.3165828385912157
1.1673265337153276
1.1793850425259365
0.5290440543964605
1.0854735117728875
0.960926333580207
0.8326109189283748
0.4007702880970947
0.6735256745044154
0.4067718942049484
0.4051732682660721
0.5703219189921305
-0.2576299418309421
0.00032589374177584545
0.4141955521268971
-0.21783955354465392
-0.31669585971085396
-0.3288587929389964
-0.04587660511556332
-0.7353269146721049
-0.1438435249361903
0.026483325733618567
0.2833278421542271
0.16352086939323088
-0.1504054584171658
-0.01040710842893025
0.23228627572082144
-0.3626499269114153
-1.3197344741189305
-1.3910071490351577
-0.9332711987802391
-0.6132988593601206
-0.29132581237736893
-0.23300662751417228
-0.3792600448850602
-0.5632681633030145
-0.4645267639433235
-0.25725850948332385
0.038356557594902994
0.23030670708622672
0.3796475378756405
0.1094265239255639
0.1668556975567406
0.045806132793480066
-0.28295993457900936
-0.11660167959761093
-0.5754332661280239
0.46958084513605164
0.5977495053392786
0.5840481472347616
0.725590833943538
0.6128235508884912
0.3268497763592701
0.5619228826806044
0.6444734804660543
0.7356166211423554
0.9108358010328024
0.6653856375268254
0.687536152601547
0.6263750025658041
0.374393915555908
-0.14053720786807286
-0.26272831149619547
0.15227513013640884
-0.3628750968783252
-0.05033163936689996
-0.1118150963388633
-1.609461228425202
-1.4049958514851988
-2.2007871421866008
-2.4135545398311438
-2.3547666944798937
-2.5319394020799044
-2.0687498473958152
-0.30441822277765707
0.2791826967315181
0.38049886176321834
0.5404967595157439
0.4775761757881654
0.41077672727103487
0.6885558114713418
0.7960985970219255
0.6165294924553666
0.33914060278378516
0.39148961817696365
0.14628306696744167
0.4607186683726495
-0.07047753483330324
-0.07483641977485903
0.41729182554111444
0.4938821402452458
0.19792333392468578
-0.6056226897707953
-0.2305592354157494
0.09792732623017275
0.4609274911232649
0.5289102145534987
0.6419910484594679
0.697328828140525
0.6084234001690135
0.6056082980789832
0.616797073326231
0.5845000116292911
0.17286907837256024
0.21316749220724523
0.41284928101151736
-0.20701190000725558
0.05037033975272774
-0.18665544301620562
0.01814422299198015
-0.6461928087026485
-0.2696047635411661
-0.16973841962243988
-0.6432605820787554
-0.3110623469053697
-1.4110782618211464
-1.7724198010592687
-1.4247674037502691
-1.954808223384832
-1.5272095984032557
-1.4305154674021308
-2.47420631709659
-2.4975691660531973
-2.4522160929448953
-2.887307553213044
-1.8622298256335539
-0.5804932808494296
0.3094644310584662
-1.4550540403663674
-0.4392851094639303
-1.668920907137076
-2.130492237463942
-0.7057482499611514
-1.9850178543404016
-1.428408409452806
-0.6169465786028243
0.23162930526358097
-0.20715629003224018
-0.6543414043472373
-0.5975723183067574
-1.302050277256954
-1.3234663485560014
-1.115681257126772
-0.559000876857539
-0.8013878633534045
-0.31779162525213606
-0.048212128692601525
0.013001214024500132
-0.07880636975659626
0.25865745757875763
0.614501195425656
0.6274254894697419
0.26530749276268034
0.21417370401352986
-0.06553150869526662
-0.17499992302429015
0.24332842175502553
0.01607547576336738
-1.8901523243992986
-2.0603933664972622
-1.0480443565223156
-0.1393964224021233
-0.2901529297832797
-0.2748560890977346
0.3992498928370417
0.3937468892515016
0.3632520551696913
0.6015974885731417
0.48048955749232053
-0.6425089939832491
-1.4513296070508144
-0.39914075973587837
0.19800083319883216
-0.8781052805106422
-0.8692679176231788
-1.2512676444705872
-2.2587982687561845
-2.1722271753970457
-1.2866850469312958
-1.3498767732309513
-1.201929716927938
-0.984453236520774
-0.47193010730144
-0.14293514252157452
0.2583718303750706
-0.3601042986938938
-0.5245494225917221
-1.2234077531425986
-0.8142522637230332
-1.1601400708961098
0.10783751749806965
-0.05197939935446929
-0.6226560582258899
0.13046876319780368
-1.151523700256918
-0.16035736578454662
0.4693684324450177
-0.8503215967271829
-1.0685317233080793
-0.5390705595367254
-0.15554046648566494
-0.5906855096296684
-1.5659028206929464
-1.009809232216902
-0.39043899003649596
-0.7456827063336152
-0.5884828946698367
-0.48875903082680167
-1.467007266141394
-1.9351340230239071
-2.6181460815899835
-0.6139759009532767
0.11362165802247053
0.4744315143682293
0.8109245980720492
0.22400213143054068
-1.1244926295042283
-2.403631783487596
-2.2561028582126106
-2.8915432821063956
-1.4528062017850345
-1.2557125328918197
-1.0678091279855437
-1.3015523992566689
-1.0561974896754935
-1.7399282436915917
-1.102460363285953
-1.8281801595037102
-1.4880457193884173
-0.16101568877497643
0.39405028510762574
0.10431806884805267
-0.1522266128908545
0.43148569829569183
-0.5629292262801459
-0.13514852667670857
0.05973434163235825
-0.4878609147016211
-0.9537807678679148
-1.4002467679949206
-2.4234888454851413
-2.218912421852947
-2.1876507789703896
-2.3554099608457184
-1.7833250584989433
-1.0050912769645017
-0.7695659421937577
-0.4808067455251016
-0.8624230722055615
-0.5291896255591073
0.062159484965666416
0.03526132205775563
-1.0374398388324948
-1.2963356266524602
-1.6162266847422366
-2.180669984478223
-0.9847205864689385
-1.3368552961482998
-1.981032212800679
-1.5019663851811877
-2.02342906926967
-2.2052049015670487
-2.2327563786367306
-1.6527694407284015
-1.3340034636320146
-1.570066012719477
-2.2083166518674413
-2.0390610205803843
-1.1824207371178412
-0.6844943929752185
-0.6778168270101786
-0.8319567681370457
-1.8209332474619881
-0.37597308893650994
-0.1305598072392322
-0.01777654190102038
0.11475359653223276
-0.05828615244526821
0.37638051556925417
0.6583524977068209
0.10847347836646594
0.4967413654070143
1.0429395051326849
0.8493932191022422
1.285310568874284
1.5232413111167042
1.5335096386778557
1.0522719885309986
1.091698298507491
-0.02323833893993575
0.5617639974296048
-0.27180762525328184
0.6244745092371302
0.04413828556912754
0.30831433365876876
0.6224693871023812
1.0726319429106075
0.7745997786865225
0.46474418611937823
0.2537617150187154
-0.6873479002383821
-0.14095325955190427
0.6210694205549011
0.17426611563280078
0.4863657455171453
0.13309232706806487
0.4679877363795929
0.8480283287632562
0.7856204325376066
0.8034827422997365
0.8554374556968327
0.7089444690985748
0.8810803957944162
0.5629897504201883
0.8463486347849926
0.960616105861021
0.7669852888927405
-0.7928473157154664
-1.2905337344232315
-1.9614993472972533
-0.5655278658997052
-0.6807185080973135
-0.4076324537000658
0.4949103610816805
0.59797175638502
0.4786572799204279
0.6333334643049838
0.46438778531686525
1.2208580925445658
1.065406178360136
0.6922950746648636
1.2053766944154753
0.7097410353340197
0.8716193355623358
0.9261883383138725
1.183444450662343
0.9476119409287369
0.7075352626069145
0.7902877616067221
-0.45746359230776357
0.34628470982012804
0.6642082548995636
0.8409095202419954
0.5474807453270846
0.5329358488583584
0.38219770526985564
0.38877744411724885
0.43506614002687116
0.6033756948797808
0.435141885790054
0.9547769686209511
1.1082134688327756
-0.24070251560751374
0.5865840934274457
-0.9959884902449376
-0.350451460064609
0.3693188095515321
0.8600124394172369
0.8113865377721895
0.9807565999457066
0.9619600001363874
0.3498724577508007
0.5341568946023363
1.272162046689497
1.3347268791339248
0.8350084111282492
-0.17570399477840376
-0.6585426107760465
-1.8518148437140218
-2.183115081484615
-0.47444072189993397
0.7468211227855994
0.7629691529220276
-0.9075701242839233
-2.3340025784519924
-1.7754724252037866
-0.5440530209391274
-0.4264314013270819
-0.3704730668181371
-0.31660265561562856
-0.337786262960713
-0.10545539556792448
0.5604797815346748
0.43765730995027663
0.5129832480962011
0.5855171874684004
0.7006059256515018
0.9005278284746024
0.6151306399232728
0.9067097566792118
1.2044032964265738
1.1131676421898684
1.0964719915330705
1.3814021934881946
1.4830658506504184
1.4053440210751953
0.0733030148938395
0.14248808856510747
0.3180008296934834
-1.2503058075277176
-1.9718218834358956
-2.879626744088463
-3.124872273785914
-0.9458304084028333
0.4073871759150479
1.0336409200103842
1.0443691658010683
1.1528749568039807
1.0859679289690394
1.0192987007936
0.9844734991560661
0.7790086770721715
0.9750852560308381
0.875568055633531
0.3330106057188271
-0.0051963943487033405
-1.2028696281912843
-1.7788041214977028
-2.1724322144777015
-1.9074509750699726
-1.2511890424422116
-0.9526755754171409
-0.8580377765306015
-1.9206842019759125
-0.9688626657205501
-0.08212459460023679
0.36260324107154007
0.961443825824303
0.5876784433887351
0.15473125238619811
0.33624873580432135
-0.06043180964300151
-0.15747889391723655
0.2871534724334631
0.646720204537199
0.6867312768203975
0.659919727610271
0.24420892818336268
-0.6713736402659851
0.7428399797091961
1.0470955552187486
1.2795513404303716
1.4154628479779583
1.5318552178003928
1.5173761159031718
1.6312428766553086
1.60648468706732
1.687544264024888
1.646847985563754
1.708087499784179
1.6279465912861335
1.839789029578851
1.6378860724864144
1.7823602874185818
1.7862844572511654
1.9411993013972242
1.6488550459384381
1.8602120976738723
1.873406338846602
1.8749669364034607
1.5516288393158122
1.7435207935161134
1.6676569883245975
1.3488330829434867
1.6017719333478
1.5349107283288859
1.6965325150780526
1.8209701816996835
1.857199221068368
1.586556580883485
1.9582428322295733
1.5648006769866107
1.0209131494880286
-0.20634139816129843
-2.20633437550755
-2.560027067240686
-2.0818344215476134
-2.881631231822894
0.37670086655931156
0.9613394000405706
0.871567524427578
0.5368998297456049
0.831083062958607
0.917025188549399
0.7118141009094
0.9700562426349091
0.13247516146756166
0.29914490649072994
-0.04338564371111683
0.17846948750914912
0.5869825516484796
-0.3453818542519521
-0.6704223451873178
0.07078523420464788
0.7665786339948762
1.0549882708907432
0.41292754861219483
0.7120973501407817
0.6585724440495636
1.1054681987345456
1.0982379417582593
1.303841191751311
1.3754678597375074
0.6141873258766598
1.273375117741233
1.5814649281728914
1.4731694231064782
1.2608352658858195
1.020343633463939
0.9648383808276301
1.1368225872996505
1.1224939427941554
1.1898366398857654
1.1379953367961229
1.1787466854087219
1.2908341718312062
1.402648279543209
1.355388249096261
0.6073492262868874
0.8125468637428752
1.1894287943647
-1.755993507295496
-1.7708266007834041
-1.142679342998391
-0.2893189720324627
-0.8712084260237463
0.1664113970716326
0.48892304771099726
0.17401085634620356
1.0752791648800835
0.8790099578276445
1.17917283032268
1.400939553977477
1.4503722660494431
0.949771272242321
0.526931857706997
0.5277469832925803
-1.0705559806867109
-1.9877933907669416
-2.6357571753595206
-2.1040890842466418
0.08690682083833512
-2.1613861095621836
-2.027309653930641
-0.5313627343510265
-0.4527194776802633
-1.5720759947308929
-3.0032897639996436
-2.064590279485945
-0.9193719486416057
-0.6135505669330268
0.0006852516911980784
0.13739079260165923
-0.26360672294009635
-0.747875799783007
-0.9850888870385993
0.07315959957677683
0.5688811194934783
0.8909837746115797
1.0544882391569144
0.9933388933032268
1.1561463677337767
1.0943387374918951
1.1740476576145837
0.3443180491069303
0.6670873076162748
-0.380594683044491
0.3954650006137877
0.4968573261549404
0.30268985403792764
0.6394582696961444
0.9980476806808594
0.9824762667020089
0.4313998287776051
1.0202546711545224
0.9426744327268809
0.9109087706615188
0.13146302697154832
0.31634484377572186
0.16690995953571183
0.14204287567375057
0.10166342382810854
-1.385416284721563
-0.9488630735454622
-1.8097151021080773
-2.498232432017702
-1.197798971404439
-0.8154033745285183
-0.7705314103370681
-2.5859433300019385
-0.769129119393017
-1.2062279757009013
-2.565396557719939
-0.3678335063312515
-0.09152903891954788
-0.361666087932402
-0.35567449475291035
-1.15826470930046
-0.9038876141864212
0.16644381492518048
-0.9025456054953226
-1.3835997745282202
-2.3229265027163546
-1.607801597883527
-1.8989244424851692
-0.48600513851486915
-2.8570405158916286
-0.9216147793175128
-1.9656663512743593
-1.9030905671389966
-0.0067895222283202725
1.0236865094923417
1.2205892005988404
1.3323873466714753
1.132753463292046
0.8754118402745694
-0.2975994142834248
-1.0767440636354144
-0.6561053153426492
0.44404498361262323
0.8725178857583923
0.8051713138293739
-1.2132350943565482
-0.434741117727388
0.5946107421899769
0.7239261483336064
1.1352520982109096
1.0520852490320756
1.125429792354438
1.1951638135101628
0.9273940486757715
1.159123180631981
0.8980046204835488
0.9042925788373686
0.8771505026918124
1.0609494193076816
-0.8305566140445313
-0.1384592519795191
0.5754324822424329
0.9974718045089233
0.34981281628684463
-0.7255339885071519
-2.8730918298148045
-1.01607431017964
0.22522934013096155
-0.3675923605661696
0.9072005710738666
1.1706250513634255
0.7779567568636806
0.15126315473893182
-0.07708784400508785
-0.10024165041656147
-0.731536630115076
0.10335355993622233
0.8854921048968656
0.7416979908454846
0.5002642489678802
0.7749062031739654
0.9195725015111531
0.8722665160458765
0.6849431834315463
-0.8587620355754741
-0.2511537481185071
-1.441289676342068
-2.3259784622416877
-2.5602043170097124
-0.6731698676397289
-2.1252037563744124
-0.28711782609693776
0.6110684947040985
0.9226449585030326
0.9349597032414977
0.5272913914834391
0.7661710777392944
-0.31191857372759674
0.7890417055874237
0.9183400802489107
0.5219050402098233
-1.3412130330321472
-0.4058132260773464
0.2689067699319364
0.046212834113612385
-2.5359749148991986
-0.6131858378014076
-1.4821686245053127
-0.42326267354706953
0.6770570990896285
1.2339216848560757
1.1579262979931515
0.9022413220373872
-1.114875551244966
-0.4397868775240217
0.6461566714092719
0.42751950052647286
-2.3419109645100677
-0.11233774425478157
-0.16793506826152466
-0.963290775335395
0.25222658849203905
0.1989392000584369
-2.0392879747176837
-2.2191713307984737
-3.0504659094443967
-2.221266110266965
-0.8627796171590348
-0.90164428996646
-0.6063919924959743
-0.5518666546168759
-0.5113595238887594
-0.5060644118826809
-0.5119017009085582
-0.03823186758057852
-0.6209123784173489
0.3983931204051502
0.20920402659151696
0.6983106615487132
0.5774623062939708
0.19275176501340036
-0.3577549007833827
0.0448777036409577
-0.41833535349313916
-1.647735690547137
-0.27169135962143043
-0.5001947331166506
-0.7218623700476663
-0.06261167368161259
-0.9229012624396074
-0.48400825716293355
0.10931551264012034
0.8430969481136397
0.9797535154142062
0.9220058449080684
0.8919446222881822
1.0757880856388273
0.4078192224162024
-0.034378052111586635
-0.09505734466571897
-0.3314571412097266
-0.3671522738571482
0.06644537557591748
0.3269252565591681
0.16107268293739116
-0.45308331783320394
-0.3210585210348011
-2.0024845837840126
-2.9714045324737426
-2.845946722234679
-2.8715528794377896
-2.5986462847354805
