0.3641828931576382
0.22023520981753303
-0.05208878087682042
0.1378098854207911
0.2508011395332892
0.22661651918362807
-0.020463673714113013
0.06529938674224113
-0.12757396774572075
0.2445070258474181
-0.6261947414631144
-0.6824530966801995
-0.3364323585163407
0.05636739023015439
-0.12098904160116461
0.010406550787533164
0.22956014716732795
0.37572396940107844
0.27284293526181247
0.6330518703102035
0.5391902447365727
0.5729689617229637
0.6869223409788908
0.8121060215707258
0.8118633375490696
0.7775921257816002
0.8525279967757322
0.7070819770279125
0.4709142752974017
0.29188670340843137
0.2829305780701695
0.54562624273964
0.4885981094055495
0.49973841394849283
0.5666985633506095
0.35470235615014656
0.6106656196705796
0.36081744203256527
0.3564724124262161
0.5151082454024434
0.5072769157420783
0.8519714216938296
0.6062594265944731
0.31614257954287817
0.30529675129446987
-0.047076263465037835
0.32558307314297885
0.443509455279689
0.5508723776098866
0.45699042876938256
0.20107271596539042
0.21424392763607278
-0.021356886756227773
0.3243456397589589
0.03232792035130577
0.15384062166566004
0.2100195911086615
0.08382686471972263
0.5587298833345147
0.6611016154838361
0.5871691095346401
-0.009992961510086863
-0.046041279131177615
0.048678350222374725
0.15343399322987972
-0.1451601965916709
-0.17327613050105647
-0.5559249315370474
-0.6806111131520984
-0.5638702916065862
-0.2698383554310432
-0.5552991690282328
-0.13285910024978614
-0.060529005171177944
0.3614420226596312
-0.29703916943466535
-0.014764380745804509
0.5407286117384177
0.6578248730596272
0.5322055270480205
0.708354003611363
0.7682704305708512
0.8077566184879506
0.347939456940616
0.6996330166170047
0.8703154681046484
1.0493683521687738
0.9764398569112155
0.8955630827464746
1.0419120777372501
1.0400033053627902
0.8321809338432792
0.7743702988064812
0.8114735609882922
0.16550893350667037
0.2182698130053185
0.5212634033695464
0.6552753649426547
0.6752973349571202
0.6304934638111063
0.8022322799916074
0.7184212091158537
0.832707817113849
0.6690770290950881
0.689454325708483
0.8750980503858893
1.0832749610906136
0.9728742928896003
0.9309142451549638
0.9130321739055165
0.7916854544420754
0.7911698325678106
0.9786371941443345
-0.06528668368375945
-0.44200781389459853
-0.5886804068728767
-0.4703780020078171
-0.26558647082347786
-0.12142582543815392
0.043470618632210675
0.3136704297687408
-0.06645455447549273
-0.34219186972184523
0.17071617709738374
0.006078377427740103
0.18504368803897978
0.4283684808222651
0.6502949099538132
0.8130020313691196
0.5652882344064759
1.1020613297613011
1.1818913830195212
1.2412034890914216
1.172636452114865
1.1089705160958294
1.1651015420118456
0.8972000237924933
0.6139043471451906
1.0407426980297774
0.757689998427837
0.9497761067164987
-0.7851378068949393
-1.2120533408991132
0.3814450557550003
0.7133237410739426
-1.165152482220667
0.594933849303032
0.34734110135284735
0.5576582827430151
-1.8213737585041725
-2.800162798839123
-1.4450310901921246
-0.9471430882174895
-2.1669203340187293
-2.31486494326273
-2.981391105242852
-2.1187635239329836
-2.012974767044007
-1.9468811422325123
-2.530950564000579
-4.168045667390303
-1.9787040033048404
-0.26936235509209194
0.26289930076707013
0.014277401831891037
0.2258331686492611
0.6481588133607932
0.5584778091449542
0.9517205354700055
0.8968417251425966
0.9738483746626461
0.9615412454047358
0.45711608897097733
1.1675102026133377
1.0723550517854847
0.8917531976246026
1.071504276249558
1.2402696679138359
0.7735723748923187
1.0392773902847587
0.6929313490788848
1.1117112525330874
1.1417782903520877
0.240849399640765
0.6905546908030241
0.8697738039929718
0.9026964317390548
0.32100146054537404
0.5559703514028854
0.6578567864983361
0.6706539371906013
0.9411242856138892
0.8423823298183761
0.5068702182824123
0.6033217171697646
0.21226973899832433
-0.08322250426826376
0.20869253415179173
-1.0367773283610164
0.12217514098194324
-0.22814245578361617
0.04984748632244656
0.18623090793206123
-0.26281175598408535
-0.6358922457184498
-0.07058809323872615
-0.4422557660757265
-0.23044843053455685
-0.7604622546412347
-1.3535118403902477
-2.987548672559516
-1.3542983192730798
-0.25547113406250666
0.3346350012501276
-0.16095288476160638
0.2754464337604314
0.4540359029696732
0.3747660108255273
0.4969122613015582
0.5332028487916564
0.6250507114800217
0.7996727245095454
-0.13778111985334263
-2.291786312080738
-0.7448702579585588
0.5882935619984548
0.4113996569996353
0.9557808870060442
0.4792879165281835
0.00010365158243388906
-0.018209825077038236
-0.7644567472823274
-1.970510110620435
-1.8843138996385587
-1.0438939811431562
-0.40868601227406764
-0.7178440592636893
-0.13316532091248715
-0.027940405039422342
0.09282798753776475
0.45449258037756246
0.5712676133827488
-0.6124353910534587
-1.9143102440314763
-2.3877591738679627
-1.1029472985164268
-0.8931475258439209
-0.26357781599654184
-0.5027348199116091
-0.17564865759440002
0.3313731092993517
0.5077183778879744
0.02892921324636502
0.17439604121720112
-0.8487443995971733
-0.14245279313402523
0.2925265675880804
0.341103680717634
-0.5135062164921441
0.053811206834172606
0.2911881440054891
0.33490630939995436
0.6752547539190131
0.1313015612640336
-0.23923926095971984
0.8097989382518608
1.0238489168928269
0.5381756343555347
0.3538247933162143
-0.22891148942756964
0.5049346668723873
-0.10465531058355423
0.1585032588612239
-0.041597538511973384
-0.0842176533166801
-0.42990532063017584
0.06324095733444565
-0.5461213199745384
-0.6179278007784074
-0.9248959198586532
-0.39555004951539696
-0.772847937565248
-0.7221166105642071
-0.9581530888522146
-0.5452237454005116
-1.0913694502460856
-0.28871311696419233
-0.16716882779221756
-0.09665692764059186
-1.3840603499860065
-0.3857474915420569
-0.6116641391007335
0.2665589645390871
0.5428944459904733
0.06843958662104938
0.3109641458296568
0.3492628979823589
0.6982234695253577
0.7664487963587574
0.7958183868134755
0.5498831828359553
0.6379046519261015
0.17165871649176903
-0.7504427621029088
-1.3502837849154155
-2.1517268710718183
-1.193314417608697
-2.3726717749055317
-0.27492928631251656
-2.588063632147687
-1.672284403381173
-0.18973107747020804
-0.48166589860632414
-0.05709004021727476
0.2738994910097199
0.3327249437615666
0.6415771855021272
0.7016282446739033
0.6372113299204296
0.3875385208916172
0.34398838752126293
0.4759795870883756
0.7245624416775805
0.919634205051499
1.1542518821945937
0.41401379340654854
-2.3146867375295397
-0.3462184244581463
-0.0036202472509823114
-2.827968012225619
-0.11784891799928335
0.3814164136647157
0.23700088524072938
0.22609615471317604
0.0054978404678660275
-0.20623675667882735
0.08423837280958295
0.36294123074482076
0.4750964866583176
0.40442164750621246
0.2235587110614263
0.13904976327425597
0.5286619945653923
0.8684667143178627
0.6251470058867599
0.7865805346205187
0.9453380927643003
0.5332988549888323
0.6255414615995749
0.3046819877985305
0.4333912796016951
0.23248863687631807
0.3782901204719713
0.6434387616065858
-0.5694668048488994
-0.4568723035629476
0.15554793441411818
-0.5929363724825246
-0.15491928198692054
0.9678314390222656
0.8824826855629481
-0.3235188358692326
0.283104190496996
0.7308106655654973
0.2856753571822339
0.7379087192919735
0.6762917840455467
0.5291433391676909
0.11235890294507425
0.8803675779942551
1.596816377987732
0.26287144255120076
0.35625178947594505
0.8701679447958589
0.8206230997637066
0.9954766283647876
0.8816255188974403
1.0678489033785297
0.8828213809269156
0.2995482633385127
-0.12852085443026137
0.36084922498192784
0.593330399826915
0.7609519850196359
0.7543505988404698
0.2489287630742574
0.7142333503712229
1.066811740537815
0.5615229775337108
0.8264320327457072
0.9226722508589228
0.498636187004979
0.5771392010325779
0.500296695908736
0.7043305486204942
-0.16364161251637466
0.35768015921435437
0.8435310376977591
0.8475396979861309
0.5323712075752756
0.016919358345124147
-0.6408136174076285
-0.23861529850080412
0.2270034681493299
0.7579486716047504
-0.16712056609752138
0.06763918135954376
0.14024585733502354
-0.20969665470204946
-1.702667120245789
-1.6743525140402398
-0.44756323935433473
-0.08569124446525452
0.305836197656845
-0.0939765083840983
-0.6680282061570284
-0.28434642904760754
-0.03751252848337541
-0.16351626417446588
-1.670095553368354
-0.2538084416718477
0.2520925099670948
-0.006877433792871965
-1.2015353242412175
-1.2787813276615903
-1.2137165371281384
-0.9889304332079828
-0.6359283042475795
-1.2002946598547528
-2.2138138739145896
-2.513133403135013
-2.4707430304383755
-2.033436045849275
-0.6753606443337495
-0.39989111194215987
-0.02152716900259767
-0.1823718839638289
-0.27252935092918085
-1.1750172667379166
-0.5646685475296822
0.05232495813492856
-0.7483006277835285
-0.7615897607797935
-0.21577242107631187
-0.08072607739896369
0.5693068024397794
0.24524893166417042
-0.4910827997938181
-0.11579376480312492
0.2673521656930039
0.5886908685007648
0.5390893367558838
0.6484372170361259
0.6216517124331475
0.6207055117028363
0.6623071504933963
0.454454860226433
0.8042815297633292
0.6305717915404888
0.27875706899303154
-1.0335061617264374
-1.7851759310523978
-1.2100092769254176
-1.0841826377991335
-1.4989050124293595
-1.044427444944753
-0.1084198531931505
-0.7475978552640969
-0.49359213309811956
-0.46872049752389533
-0.4342133046888097
-2.2152520150685726
-1.1774030146564347
-0.47125217520134266
-0.09018975870718192
-0.2496177981586679
-1.2581068731441867
-1.4954943455080811
-1.4471696665268816
-2.3638143694254348
-2.6984290794337027
-1.6926539628002177
-2.5193069677115068
-3.48108734798714
-1.0830600523857477
0.438635984802231
0.5019213787350875
0.2147155063292772
-0.055274824747351445
0.4519270479022339
0.13454224664406245
0.17408568681673117
0.6948744123085894
0.5523759664662188
0.6636776137587691
0.79544533443401
0.6141433291291825
0.7774150339133633
0.5951821038285059
0.569773164561073
0.7144209639186836
0.333150600852258
-1.3716170605343312
-0.93227049552492
-0.2937098764666912
0.058388098200926504
-0.03174132835460111
-1.0835307817913389
-0.7767957962091386
0.5195770592655002
-0.19987404531418237
0.6155857280036997
0.7832717572434605
-0.2889160896445614
0.7539064621459132
0.8806054087852595
0.9894407921570124
1.1805481699121627
1.0481539772115958
0.9490944902413946
0.8978478975474263
0.9376016291624284
0.5546561679049371
-0.14303031815584244
-1.8070525684713012
-0.9753389519641859
0.37184178849636207
0.712936992002747
-1.449943970690125
-0.8889363879343654
-0.3252784664309033
0.16623405926961382
0.5747489809425113
0.4622434989046571
-1.4105274712692955
-2.514285990889595
-0.3947824917736624
-1.6989892069291033
-1.0596500472257708
-1.9122621676559832
-3.26054761112307
-0.7894528485932087
-0.3247262083626493
-0.8207321830690748
-0.005907460350375399
0.5187602582754103
0.5024485238660858
0.10240717952029213
0.5387656426775876
0.4902285714105561
-0.9752466496193729
-0.25512142759085954
0.03233390377591866
-0.12248867691681722
-0.6702169971411285
-2.3994406217942
-3.66687379897432
-2.1759130165386846
-1.704731542287873
-0.531186210208198
-0.2560803400555305
-0.5081152999343329
-2.282288710392187
-1.2581940484514238
-0.23287639682406022
-0.009963128102217646
0.3953846912361816
0.46013392947893095
0.1283860961486653
-0.6008112689053027
-0.9341124353065762
0.44122545300864846
0.6625468517422349
0.40532395595538484
0.669499278967524
0.22427189924181115
0.3798799939488483
0.3080951490508945
0.16819909855033774
-0.030287292116075254
-0.46247703085459546
-1.7825618085810002
-2.5294751030113645
-3.959584694645581
-2.500353329904976
-1.0466853430630325
-1.0629534672028926
-2.1937985780264255
-2.525145361262987
-1.2545964236146039
-2.0754712313710195
-3.4247002843844188
-2.2029078423524675
-2.6093909612025663
-1.8139494332945973
0.28239273456935976
-0.4774380205315051
-0.4580925207436598
-0.23076772860402547
-0.8539116236187995
0.41170622827936987
0.08047285914970131
0.4291405381502973
0.8761171832271679
0.9519929924834312
0.23774268378304722
-0.21174522695478984
-1.027147601614137
-0.21406645952301676
0.21194572236829592
0.3863047691401792
0.14268562729142864
-0.4637869594771309
-1.391344367975265
-2.3090048391016826
-0.9920389651073956
-0.8447554944917824
-0.8665984529546173
-0.7136356881043344
-1.520073675922249
-2.888862454504572
-4.085785345194622
-1.2390248172680918
-0.49398597897603247
-0.4743714172735789
-1.7367455815548964
-1.1724248555080146
-2.0671709853079245
-1.8487774076598897
-2.04085585550324
-0.8333647502803544
-1.1217286181341737
-1.7088745325156918
-1.6806664543670669
-2.1770403561271165
-0.4192548198450565
0.13550543252962016
0.47962516319075144
0.4526390810046481
0.43603276498806387
0.5198966797771795
0.5406002488348611
0.34536139900546325
0.47768370833675144
-0.5687172873054501
-2.826532664221342
-1.5165435599215167
-0.4690286477067186
-0.8865734236536335
-0.6579994222811956
-0.775328715970045
-0.043944201017522624
-0.8587101632723027
-0.6529709912977952
-1.0736116634806336
-2.215857485840753
-3.2430279817229857
-3.1445033943263607
-2.2634720406522506
-0.5924804028084225
-0.3132068862721624
0.24422682089011938
0.07512651874720422
0.184823673882014
0.4301470510072607
-0.29788863111353103
0.18356406992870825
-0.024404149438261177
0.46860033219782893
0.21454436982016287
0.6884106052994324
0.06456686173278987
0.5735024311499494
0.573298698998291
0.031130325823867225
0.354974484536253
0.490453358623554
0.6042909708118425
-0.5130917789036447
-0.022954779575638115
0.26909243498134594
0.39518856372633415
0.6578389269727886
0.6303219908596799
0.2916462043488075
-0.06765690228402123
-0.5727454013142044
-0.4233237306340978
-0.25898073640555974
-0.24610036056101972
0.40155354044502467
0.3945548729594298
-0.11526855346736359
-0.39141330364122406
-1.9719851097607046
0.05176376012702058
-0.156292022447641
0.3041189094304221
0.27522643257563495
0.14213437678967697
-0.48174524016707165
-0.6998526346844908
-0.8209150320790831
-0.1318012886789492
-0.24152453928923942
-0.11054793027422374
0.17901807580980614
0.5120877324800197
0.4362712637629499
0.3969808931267418
0.48648224579977195
0.19581892458006125
0.2717511859460585
0.15396059643099627
0.3462442484928747
0.4220052334020913
0.6409944468823113
0.22392149321960456
-0.19862953893577198
0.270414773611739
0.3973189918558474
0.2999470306393448
0.211212324721417
0.027270597766514984
0.43625100795503835
-0.08569126818547884
0.14248038525403406
0.2556649446186917
0.2447901358023638
-0.6030793740438457
-0.2713347816413194
-0.10476614849893576
0.1128236208660623
0.17668615670871488
0.23493735813236463
0.02139328360893354
-0.011632545661769383
-0.11369553636723781
-0.4021780272839103
-0.5946624666051831
-0.3694094800834731
-1.0827852199593688
-0.05194727866384716
0.5831664511909554
0.4260535470729291
-0.28321403442075765
-0.6820045096807382
-1.4064923616385108
-0.44638322928442253
-0.07703306935177678
0.07227933175116023
-0.03259563188282799
0.18139824018595888
-0.39700890242608755
-2.097262076247519
-1.8765559657855815
-0.3450813563526818
0.17868600092316933
0.06781288314754835
0.42682556460854915
0.1211147386682611
-0.1375767104049843
-0.08212035224125575
0.10983826217096387
0.20617687497295986
0.17182261158916137
-0.36850920471898074
-1.2280676807292772
-0.20419617439946022
-0.15476618661381128
0.14836581164308554
0.12248026423483035
-0.3255648826559363
0.09270458775779968
-0.1883798240245603
-1.9182846301418843
-2.3743652671018336
-1.4772725862850355
-0.054033229750093975
0.11689929452298115
-0.19082277961122726
0.32203972851799634
0.6062522850210484
0.6161666944073845
0.19392265683885132
-0.30766376592967437
-0.6076336753212304
-0.33550457554095126
-0.8581444974429379
-2.6418899918717202
-1.719621418684969
-1.0606992973685951
-1.271727135668426
-1.9576390236204846
-3.116252199677538
-2.1506592857267717
-2.5224482951257814
-2.752429781081228
-1.0345258902585
0.04546706070047776
0.36793374494255093
0.3288381586596798
0.47011515245574675
0.32874195903838344
0.29904797986217624
-0.5532710212196374
-0.7445465600164213
0.00036985856985218
-0.08222623504569362
-0.5774017580682269
-1.9153203591520298
-1.2837478924461574
0.09849923267724153
0.39917680100217845
0.6907435345348583
0.72098984080154
0.3828642091435528
0.6479040817180859
0.8080085065148318
1.0062070283514621
0.8000644605411622
0.5876966696525008
0.8173648470185935
0.9008580408102456
0.8100696644204736
0.27546335944742745
0.44035972509270827
0.6973776623738859
0.6635976915917932
0.6749790919963949
0.4840571502440143
0.37284191266305955
0.6375556602117223
0.637175290450907
0.43803040068263166
0.6391371925300352
0.15328697721169277
0.342786565104356
0.3307776285942108
0.09836298346154874
0.4010811005075098
0.6823891624146875
0.6545160669590613
0.20424360663692956
-0.0029976271730036003
-0.04892118173351574
-0.8205227407041038
-2.0838363440746015
-3.0610545325694556
-1.3034051386831447
-1.295830589483895
-3.21625708823003
-3.8589752392872354
-0.75064888927445
0.2797890840468823
-0.12605252840687578
0.1287775731680571
0.30561801897718455
0.3281662806423904
0.3139480230154177
-0.8939326353300929
-0.652765576160849
-0.17045733631454116
-0.09395349763084418
-0.15183451094919337
-0.20646995756277556
-0.6523623847462205
-0.008311206679143673
0.07109401223678104
-0.7632020118262816
-2.0509499480784346
-1.0061428023602623
0.2138080144954563
0.09169390233313154
0.2833675118880254
0.50942359857094
0.6717963064542831
0.21767660363185246
-0.9543560572464493
-0.5046215404271643
0.010552266834670643
-1.087058758291447
-0.23666371876997958
0.2891850738613395
0.04834622253015172
0.37678554930838837
0.32488898552057965
0.4355886411609935
0.4591477149116394
0.5116202483991145
0.31175748114761515
0.011814925115405078
0.39424635877433223
0.005527798762957906
0.22018195643996769
-0.046683944004528896
0.30583578226272246
0.20522811302290697
-1.3893519154819767
-2.6069019782072225
-2.6545812755712794
-0.8270954023852227
-1.482200645292551
-0.17360991314971722
-0.10711081930724739
0.347899946518056
0.010027146482523522
0.303527426048984
-0.10918229288847703
0.10165547055398146
0.2087360498178756
0.13754837642111684
-0.7772251550032141
-0.29229658056334495
-0.36533230121013793
-1.0612875454151347
-2.5221082402022623
-0.9672001131249254
-0.052770095245713355
-0.7421472206280622
-0.5652832900704045
-1.8748198635054565
-2.621349764691883
-1.706291815697514
-0.3031735835135141
-0.26834123870504567
-0.030938212593787415
-0.504343597599204
-0.5787040371301181
-0.11473340413906127
0.027182312100927773
0.1823427412813031
0.39304752079441363
-1.2178798735484906
-0.4350215111042357
0.2058087264665777
0.22668411716439985
0.3860775502559488
-0.18760695906093802
-0.6539849740406097
-0.8649243167399127
-0.9916833463107967
-0.8906820597402826
-0.547852147462497
-0.18342882117886533
-0.41159307124279265
-0.054745871560541615
-0.01567270270685031
0.4368788427378578
0.8448791438139772
0.8025470171086301
0.8490587694015062
0.7727444066080101
0.8725606234811006
0.7545101205770339
0.2558146933462765
-0.05638819478307884
0.07690594387194943
-0.36829375784797425
0.11714553561997385
0.01137871547993725
0.2786584286661033
0.6107040877732516
0.4397179527243973
-0.9251589177507346
-1.8168608216858515
-0.0013035473797394503
-0.8686934947576664
-1.3086132862502688
-0.48455692169911857
-0.9832644559792295
-0.7329732326912283
-0.14876413996213864
-0.14309458415049145
-0.37822772905414503
-0.8955276108842316
-1.3033630227311965
-0.7429803995988734
-1.747115851872354
-3.153009258590933
-1.772011457744792
0.030810527063633825
0.36772915792905914
0.32908659670425666
0.3978208071780881
0.5518980904154936
0.7322867022088239
0.7027597210061296
0.017565529270084673
-1.2802093238121917
-0.08205589530071729
0.4619345794693993
0.3369987110189878
0.1927657624154507
-0.7084758842299735
-0.3077304356101721
-0.22414673203838711
0.2894822419543456
0.5559221672477372
0.2799380337479591
0.6828815295100918
0.515484685829208
0.4158624044898902
-0.17152026982394777
-0.773974999480144
-0.6914785483137035
-0.7376197271133541
-0.030131630988833702
0.1305818629564042
0.4667998085696409
0.17768711567528234
0.6061068593407921
0.8210323541865621
0.9691327183921676
0.8991538313394286
0.9815742117693855
1.089175125278684
-0.21268838242273405
0.690159668398486
0.8329045984529605
0.7176287233470361
0.5372488087920341
0.26631762073044174
0.45163465819851
0.29002551694170664
0.04738001957260225
-0.23988976125520847
-0.042455933560337986
-2.5498436108390985
-1.747701905959898
-0.058686331740138625
-0.14442723042546543
0.27956025804422835
0.5441471302048451
0.6935274610587382
-0.6750334724373795
-3.0590732071626525
-1.0724926330346356
-1.4318204639539254
-1.8103656343496308
-0.5024196022196884
0.40150033292167286
0.7503586423899059
0.6733048719325777
0.46009968464098927
-0.17309038549386022
0.08847164722670824
0.5017509597770832
0.44511005961956174
0.35055159747584974
0.7461445189190766
0.8059457194564243
0.5172308836500704
-0.1117297076174398
0.1699571772991841
-0.6667785756246334
0.1791538530257669
0.44719569551143923
0.19500200502686496
-0.4998336137708409
0.42709197925374776
0.5475553493737385
0.4206896616218122
-0.331075896549039
-0.8815010411382007
0.6051156675401197
0.8951964709879132
-0.05077439602662412
-0.49837847759974896
0.3549285048466724
0.5769299829532584
0.7066806133292386
0.6375157901910417
-0.2129078634118102
-0.16355466820416564
0.23435763066268145
0.139632668030831
-1.605630179863615
-0.043427302429191655
-0.12486317689867424
0.4521499497464684
0.111607765278042
-0.5707803323023661
-1.365835030884792
-0.02589498916721744
0.7802740618614373
0.8675482839819096
0.7880237487382525
0.9100876742463995
1.2933897284751965
0.15779736404325664
0.40374577149795854
-0.07932321500065126
0.3471046613834916
-0.20080777852438444
0.9635946608354374
0.6672147192491732
-0.3632850302110644
0.17141586146082852
0.32734604701568126
0.2295447050268062
0.5094320789239564
-0.10756846536324685
0.909373566665555
1.1511399456416687
0.21660447664260066
-0.385515735448524
-0.48019287891255713
-0.9708245601084989
-0.6841751875005123
-0.4389771742309112
-0.03954842388969591
0.17469095048018743
0.3743264382771929
0.38363009890987576
0.32074557677070903
-0.32280588866885196
0.4443616815680601
0.324613005667149
0.04092024769657647
0.43898135020649853
0.22564640872667482
0.6707086936306867
0.29257205144204834
0.6533171501161172
-0.2720894761218152
-0.4844842969333031
0.28758308658417653
0.22576302827324463
0.35739622049340836
-0.29006577992643245
-0.6515686450086702
-0.02796666002888483
0.4366167208791818
0.626886905873962
0.8437747259576474
0.4812091306750388
0.37103103830563955
0.6706325715181117
0.8214396973612624
0.9417660512670849
0.9351728535730408
0.6986368725612215
-0.564936489781873
0.07264020057546813
-0.5485779652521731
0.02589544886948253
0.3609073815570366
0.49197446398888756
-0.2883456271801985
-0.9508716200501796
-1.7176308208185467
-0.6292691599031982
0.2032009119005944
0.07620181711098478
0.18538347586217033
0.34419453578060355
-0.21806652704220278
-0.1802574703383645
0.08190686252071
0.32251834109175304
0.27226042493815983
0.6192402232803422
0.33332134419829684
1.0166579972647753
1.161058984304409
0.9189294532592255
1.1146099750368255
0.011706409953424285
-0.1572439339520063
-0.15856636547019812
0.015988328434935837
-0.2395008391912181
0.4756120735566943
0.6898537384992082
1.0749483441548937
1.2008086330913994
1.0988536483662787
1.0809306141121382
0.5489831674899965
1.0131830485804894
0.9250345816084699
0.8606877864119479
0.5373250882770662
0.7643375271646127
0.4782722427998297
0.44983730168533265
0.6059216215172608
-0.13870971412673402
0.023141213439031055
0.4090905529077201
-0.1398257171866235
-0.35300627660645134
-0.27218349743692194
0.012749775582842862
-0.6542055317507056
-0.16890825163835213
0.06562741305875111
0.30536325124979946
0.25373401415031516
-0.14707364928599317
0.01626980433831192
0.2170082018949042
-0.3156674901640434
-1.1389753642568998
-1.30686695324291
-0.8184459763547279
-0.4822269146393784
-0.1810799271944095
-0.21659568520796987
-0.34343942052374854
-0.7746247562681493
-0.6297944163062352
-0.244874748092374
0.09047282068877793
0.2609991822550728
0.479030531735242
0.20372214129083202
0.2132524490763652
0.1268108402432085
-0.37622232583138504
-0.12825974368929316
-0.47424388706819265
0.5335724730957727
0.6606309814036738
0.6977491394181539
0.8245013836445367
0.6976786635562396
0.42572407130132384
0.6379108439622064
0.6947644006864973
0.6940259160040404
0.8564657316916555
0.6685083510434996
0.6687440709026297
0.6395911764040041
0.38114566763956426
-0.05275859679989915
-0.16978490911887087
0.1375625527243789
-0.2807835407119327
0.016843432759063373
-0.037559415866047816
-1.6151460094166024
-1.899118368873583
-2.3897822038082874
-2.8827703142760273
-2.7690732086788254
-3.2582085017174895
-1.9285841943025472
-0.12633265102980126
0.4076937254311678
0.4499504737998863
0.589001123579754
0.573592573544525
0.4715612583596209
0.7626873807079718
0.8611993098932017
0.6748874041334361
0.34872497989940276
0.40093232721168615
0.12879988996445746
0.49634902030096884
-0.004702574895514039
-0.07460508044301614
0.4327097529602979
0.4687651215236053
0.22821873474099522
-0.6012039661966102
-0.17533606887861114
0.07382300598723182
0.38973446253429245
0.5549440299995175
0.6743330112891975
0.7214567391730825
0.6554589993162326
0.6289543359158102
0.604080261426322
0.5510817830386631
0.15198240774430416
0.255272828435824
0.493974398475868
-0.154325663051768
0.012409369451824706
-0.25365912359710885
0.12774248186326476
-0.5317429068097089
-0.13520768824787432
-0.1124152057900846
-0.46480648073921227
-0.28958485306000403
-1.2899877354006604
-1.5199628617987893
-1.3809954186176119
-1.7395226564648074
-1.4343799702907676
-1.5026842326077519
-2.5943086680453886
-2.7799920636581668
-2.7815361732299153
-3.3818336399837916
-1.6607381944244777
-0.2875006429764839
0.4255748516928918
-1.2052843630247434
-0.28055649744090516
-1.2832171387368407
-1.9000322719234692
-0.41751011410877537
-1.7176018541505955
-1.1906162490860404
-0.28473294294822615
0.188478862259896
0.011679326641388349
-0.4331976257966951
-0.21653561751211228
-1.0987027315176563
-1.039459847932197
-0.849903032497482
-0.4328625506456094
-0.6870370812873853
-0.3213137997896772
-0.03299126417749357
0.1642705893598399
0.034862724773122064
0.37330423396812107
0.5802078465359146
0.6413771372150233
0.3029774031941995
0.2180333984904476
-0.040603421100238846
-0.1464172109147396
0.264878202033647
0.04072747693736145
-1.688463650099056
-1.9337499132155105
-1.0060184539109363
0.044885864973428974
-0.19700392517862214
-0.31824634768877813
0.4527981122747444
0.4167522320874023
0.36397498305082077
0.6074488613169341
0.5188438144371297
-0.5368828582138658
-1.4936685539836327
-0.3648486088390269
0.36355346782260756
-0.7937901146416654
-0.8171699743360529
-1.2721996006398057
-1.973745776368764
-2.0708102062617977
-1.2582229486027356
-1.2098290340192555
-1.1061123033467621
-0.9411169201122527
-0.40593351998983773
-0.131032158107808
0.25409218775999676
-0.2707195502572932
-0.40436134150822167
-1.1305040550359804
-0.6963274111626745
-1.115636673621073
0.11022274185486403
-0.07386058432108092
-0.46019939826246037
0.10808424637558761
-1.1331280820527412
-0.10627379666106027
0.5312794237350145
-0.6907256868994667
-1.0235306214164934
-0.4583577013973559
-0.06923703670298009
-0.42873918938106104
-1.3568604952850025
-0.9556076972258318
-0.29834590498140634
-0.6509169716955568
-0.39674442119345943
-0.3883113965036574
-1.5648953453124022
-2.0827198433144187
-2.7162232806481375
-0.5679874096791857
0.12071349476711432
0.45277148893402586
0.7930540948363234
0.30385064912704496
-1.0733366518439529
-2.3133011758263664
-2.332361608528026
-3.3986795077525103
-1.5763105093544791
-1.010337274391453
-0.8391595634978096
-1.2093662898633175
-0.9167075432458747
-1.5195652399926545
-0.9880384189109982
-1.668398825764254
-1.4583046339280072
-0.1291832541670165
0.36389841137283074
0.13787190672549066
-0.18141114294279573
0.4513434507569426
-0.5454150936106773
-0.060916972690315985
0.08638973837770095
-0.44932076550810685
-0.8334186087219657
-1.3654123079713945
-2.4757979765307065
-2.169624486627948
-2.11095366622824
-2.2827647030282696
-1.7590798830480274
-1.0179367057760889
-0.6863501446541068
-0.49194520271958975
-0.735986107912866
-0.40951642267802635
0.10048692636304812
0.03866453322672227
-0.9491159507295676
-0.9748812170286137
-1.3017891069394207
-1.7842200906284662
-0.52439162851224
-0.8811180810650371
-1.4412950249157712
-1.1089314871319833
-1.6201338760862187
-2.150499729253098
-2.09892174390535
-1.41458758767596
-0.9605755061117843
-1.2500966195732341
-2.1532892656449243
-2.023923634878944
-0.7903761686487288
-0.4979243561680432
-0.5801322968776528
-0.6976842494003362
-1.8088836896686127
-0.3330401705326991
-0.0914296676022977
0.05542875400907722
0.13610825030073656
0.04630615368279399
0.3412187145497386
0.7627681302482995
0.2091093451602876
0.7503055955302445
1.0534401289883955
0.9583648927582915
1.5090744105103266
1.6862242456770962
1.60712084388959
1.171603427333572
1.143004571056551
-0.038001249124415354
0.6058646673337438
-0.21430930226821485
0.6623216297879766
0.07307125177991715
0.35147539607420086
0.6523765141976583
1.1539399950599745
0.834476047294577
0.41419727269167195
0.21005945680478716
-0.5543384224889492
-0.054109006729082115
0.7226444584616148
0.16174158545908474
0.4951777107845794
0.12484394164335044
0.5076694564412687
0.9114477693201941
0.9063971899960691
0.7872179315452156
0.8825027961869344
0.7004373816397422
0.941587393116462
0.47227474288145843
0.8937866300503167
1.0393396712582763
0.764007964415707
-0.7737889755031344
-1.1518870435844795
-1.8728132903202015
-0.5646643825148683
-0.5948918433890252
-0.5180130199285007
0.5176610941603935
0.654887503715669
0.5828178666883302
0.7900087968360331
0.5091176907358793
1.2452739361504084
1.1246844495954427
0.650455720118411
1.1804783336412425
0.7213434060476944
0.9694680637221792
1.1162824729261893
1.1313920752169002
0.8881689260552741
0.6932270616991338
0.8247817471773853
-0.3927827186573274
0.36560654130659054
0.7600437053481066
0.9028895112515823
0.5952584360851974
0.49036017226665796
0.3187926636181998
0.3811942576803008
0.5116556248208496
0.7732816386788942
0.38743068057737096
1.0330646689595653
1.07861835793586
-0.2366641807657687
0.5450789857910036
-0.9801221233047807
-0.3411095272086013
0.42573397833711635
0.8457796421661813
0.8034593618688932
1.0500777113615443
1.0031078865648342
0.3843653254570243
0.6238483985334244
1.287890222701634
1.2402917985552329
0.7504427099226126
-0.2263823129879893
-0.5707317377613426
-1.8722589093225697
-2.2447729384764368
-0.4273292345609081
0.8028219896264733
0.8059956308699817
-0.7617452285096759
-2.243605504377928
-1.8926591785688118
-0.6507275490380237
-0.4745550076239232
-0.27282438197015835
-0.3860777801809705
-0.21281695117535135
-0.1969149771683284
0.4695390779073694
0.446024699058851
0.4186807561174658
0.6564103406491816
0.8163256210688866
1.0689268932984808
0.673298065659774
1.1680751107412801
1.4269015437403212
1.179212431813703
1.139181334597034
1.4425747427466649
1.5091619568208072
1.4525189922777864
0.16816699373610802
0.20051199430440433
0.37679027676442733
-1.2798987156835813
-1.9733859772681912
-2.938845256189969
-3.882279258517127
-1.0527894036839152
0.29376498641001814
0.9819200427309791
1.0051356972329146
1.3083171038179984
1.3675437249447346
1.1950367026482116
1.0854289568928044
0.8020628613755962
1.1352284789448928
1.120729996290108
0.4549627813510172
0.010962101957928239
-1.1593200916630015
-1.5797368243850693
-2.3364712343669387
-1.9885399335488225
-1.3497365638323684
-0.9291637508675906
-0.8859991208818718
-1.9400119073787556
-1.002632922432901
-0.031679609389655944
0.44016844407656763
1.1524163032267596
0.7550886232277303
0.2609226004851364
0.5073806925521921
-0.06353982903521799
-0.12308940432429544
0.38438207001635105
0.775433355887743
0.7467548038990798
0.6368845027622609
0.24082517847041462
-0.6821093574232058
0.8336481146757883
1.04697645252762
1.3744389876541838
1.5731089723398308
1.6742896856635692
1.5798165065239242
1.7036685922375427
1.6374671848011877
1.7187269506670608
1.6339656520200543
1.7697393740725593
1.6981858015375273
1.8922771053269016
1.7350969170031572
1.8274942552356264
1.9071706944014009
2.145410773580419
1.7604091794612013
2.104500056481077
2.1810737115132013
1.9915767926703274
1.627706254022981
1.7973193048492457
1.7152085661939234
1.3755564513627698
1.7904186221866696
1.6280706289573237
1.7707478703125399
1.871013860202073
2.012559828838959
1.7330904132015934
2.172258891165533
1.6597743495335955
0.9258532895262724
-0.1317731347697432
-1.9783889763109777
-2.706498098341423
-2.0561610225199765
-3.2100639961596076
0.1763903776942892
1.1056948335290082
0.9177425716931041
0.6253045175060551
0.9284673708217129
1.0192897474089329
0.8209150334922811
1.0523390650049331
0.2767444012070279
0.47661817581195864
0.0202554787904381
0.32086937348106426
0.7785689712349229
-0.17870249123139476
-0.5949466794333478
0.1621081421366351
0.8081310197329724
1.1347621801701904
0.5197149436210079
0.7199666756190284
0.6645760902749197
1.2429157841199965
1.1894370076220762
1.4753549555692194
1.4293459480043393
0.6775948546395322
1.2610322405891001
1.7453506403648023
1.4835152598324641
1.166421395700745
1.0271566804124408
1.0251940976671157
1.269530286428356
1.1709833548826272
1.267875296516907
1.3638031826784074
1.163379774396353
1.3758143216956185
1.5052053170212494
1.5352253986687776
0.8158930769495605
0.79474285084853
1.2770331962382429
-1.3648789659943785
-1.6335727299059184
-1.0880047867019726
-0.32405886692423735
-0.8255325489169467
0.12483785536633261
0.5497068210263812
0.17503598366597853
1.2855072639680474
0.9217077439537967
1.3628688714227808
1.5650347546624093
1.6514382690663956
0.849933163744355
0.49683650486241615
0.4741335881135258
-0.9946110327278971
-1.7261895797856557
-2.4457704480608142
-1.995358432484423
0.01108790938663759
-1.6754649942647104
-2.2330012724136044
-0.5172318565036244
-0.48846899175842884
-1.33498410643552
-3.4748222373309603
-2.1440351220200258
-0.9120957289940003
-0.5594392164201755
0.013979919204735736
0.23293068699928068
-0.19720095965880355
-0.6417774753270357
-0.9581440236976299
0.06352993927971178
0.5603652938597037
0.9198983632455854
1.1860022859546853
1.0461309680955737
1.1769880761584142
1.0475058033641378
1.108022541865919
0.37553172508689714
0.6355067024088283
-0.3844887253842829
0.372362397361094
0.5135644745510844
0.2666004297844846
0.7328158338737423
1.0005444140847755
1.0965625916484063
0.4851400484964725
1.0333569312446638
0.827170459107283
0.8272647835002037
0.08817533719708112
0.2980393047631057
0.18554775290578457
0.06897367586760914
-0.043597558205795764
-1.524878614133929
-0.9772294132319125
-1.7391111237306278
-2.637271474155261
-1.2380950838763365
-0.8085842405200111
-0.7209144183867763
-2.789165128621407
-0.8462848426239574
-1.1713482450451755
-2.6433988113459757
-0.47126407117838787
-0.21902829743012184
-0.38664267695922383
-0.42116415488772174
-1.3369643379314697
-1.0118480859722092
0.14626618563482527
-0.9262813033915481
-1.403952039134784
-2.413025076904947
-1.6975835416672798
-1.9534192691877483
-0.668484344015078
-3.1015351058160165
-1.1050242564560164
-1.8796978293319488
-1.9517846982520182
-0.0486445486360583
0.9908646449061526
1.1690639497946407
1.385352971594904
1.0675919837711008
1.0025701447114759
-0.2383336744359665
-1.130034996435915
-0.6575180343434278
0.5826891087411291
1.081725348446006
0.8836460586103367
-1.148894195263709
-0.5144535157227719
0.5814999795993167
0.7835211529706053
1.1600924464356197
1.1046772099719075
1.2060630818347897
1.2183202581017476
0.9406830375513779
1.1308852049828675
0.7637958220841253
0.9353787730650845
0.9966193344814321
1.0019367912372792
-0.8589038140524828
-0.09304824611832274
0.6387885259919098
0.9093307839123881
0.36623905466363893
-0.6948100817153439
-3.3258816549549195
-1.3330202275435676
0.17285677266284105
-0.18315927688390157
0.7554797358460809
0.991963781394519
0.7478991036371084
0.2589244754184429
-0.040900132774547765
-0.08444356527306099
-0.6556734745121316
0.1294116602442364
0.9813347018243342
0.6989309859286339
0.4786889813815296
0.9199896694897032
1.2158790930511467
0.9213086351554275
0.7396832589676551
-0.7551394556765493
-0.32628559648084476
-1.4067564684650407
-2.2156483123828687
-2.7493335052593295
-0.5826512251839258
-1.8924404633165695
-0.2119769032571058
0.622838417353533
0.8995731586112635
1.0570571039797305
0.6462766076297193
0.8855871404998901
-0.22670613042440915
0.8455750162392668
1.0112113200169244
0.4557630844985182
-1.2321952959877152
-0.48825718651382677
0.4085631781345638
0.01101104869381972
-2.3273831057910868
-0.7202226695877169
-1.3861996727167707
-0.48288229659647464
0.6804571888555911
1.2945429258338645
1.179983954805358
0.8931171826107926
-0.7798579152142786
-0.3604531076925843
0.6249619876492892
0.606562952895547
-2.2108858026570495
-0.1509883532375537
0.018720746493983115
-0.9407314776857336
0.3156797870759943
0.11997288016524815
-2.057023750842193
-2.398074312639835
-3.386686317214254
-2.143437626944062
-0.845792757340564
-0.8004541241725643
-0.7412272529257166
-0.5237272907863261
-0.3529794615365408
-0.3841853340088456
-0.4704840931965283
-0.010112310736575598
-0.5701069828082094
0.4035341598512764
0.28321984595698735
0.6112846855111965
0.5037161619606737
0.30176762934158174
-0.21126445530536267
0.09491870344496761
-0.26354890675912823
-1.3858336448751845
-0.22912370149461528
-0.40805309791220645
-0.6481459083859322
-0.05432473117241211
-0.8107691634989077
-0.48816064419579164
0.11804983839627922
0.8162187621087427
1.0404073239394946
1.0433460703694186
0.8299763325084915
1.0990783752026292
0.58424339421315
-0.03095185118548263
-0.10376862743241291
-0.29443910235535986
-0.42182375757927504
0.07638691645348145
0.34299688000992035
0.19422635530146073
-0.49955923827898796
-0.48624715629427584
-2.066666249638427
-3.4230336674333026
-3.2192729957834647
-3.2542049633033905
-2.7487193756491886
