0.42242830793282554
0.3006135333489044
0.05579498341569862
0.14151695248057303
0.3879013543037645
0.2706752930976475
0.060546586557515866
0.1325442668922903
0.03227212721304626
0.21778301417800236
-0.5532526491353955
-0.5667947007876278
-0.513793008237247
0.06178927077585751
-0.09970894707661876
0.13245901008001665
0.35940866948582617
0.43691287222833
0.36809013762364995
0.6075341564000926
0.5878282541136988
0.5134937606175612
0.6467026533093418
0.792134036139951
0.840879353013146
0.8024160020105078
0.8683014133705277
0.5263550165506118
0.44339893239912026
0.4038366848887931
0.23032856640352092
0.5258201476361645
0.5921962284511904
0.5752850427250222
0.530851858941765
0.38487536778272513
0.6088532741976113
0.3771456367670623
0.4085298332942693
0.5520907278645546
0.6162549643156133
0.8970915522313645
0.6384137789194045
0.2932579755805029
0.31620314788276477
0.10258400418099052
0.31581935799276384
0.44041318362169085
0.466650551607248
0.40291245044169915
0.062059736557028886
0.04873535427902692
-0.08988284170134976
0.3251418579883682
0.029155588154070915
0.2783264613144659
0.24601399290539805
0.18866119829215214
0.5573128244021052
0.7669356262782646
0.6477969301457939
0.10509319347447138
-0.04598816956414558
0.14463620494847865
0.16042459391220174
-0.07819848692280797
-0.10954344839831431
-0.27400531847902293
-0.3316347889813549
-0.4769107584500336
-0.27512668066388274
-0.2661954990730408
-0.030666327209914263
-0.05422618595305702
0.4294199890884924
-0.17647869939607302
0.12857315753017226
0.517094788340987
0.6820456321885159
0.495367681952105
0.5875005743099267
0.688778249932244
0.6685911001114327
0.3980951025596632
0.7754726538168778
0.9151375869708211
1.1179369230132743
1.0612676237111487
0.9458983761348216
1.0878196192278013
1.1249570946124516
0.9027463145863985
0.8200350331275288
0.8561051155932294
0.15381705866435863
0.20661553552067785
0.48802303702786426
0.5965806361236259
0.5722977202673138
0.6002753737071885
0.8395513239570859
0.7228797431072445
0.7826028614862263
0.6899921189283059
0.7520537356568213
0.8610629081040141
1.0996115531827455
1.1182633237944832
1.0902213509315117
0.9524329342234332
0.8614485489889645
0.8837580151568605
1.1250760653703156
-0.24463845317099087
-0.43049948211764116
-0.540315489567762
-0.391396540780736
-0.29832141350012215
-0.13921840152071144
0.10818539770610501
0.22136961373960337
-0.030075734468545917
-0.1872539276285649
0.25447020329003267
0.18612955257216907
0.2659115576415237
0.46725938354926194
0.6562761786044963
0.7575546045596492
0.5759123653293252
1.0347672594983253
1.1465727829695849
1.2354048647565172
1.1814221774337614
1.0784914034338415
1.2274834938926469
1.118919095633162
0.7154256094031981
1.1312422894477738
0.7696177440409163
1.0717272973779606
-0.8534684943672074
-1.3572499965653535
0.4060654512012674
0.7357078926235763
-1.337322402363401
0.6774262004085144
0.3716715887759364
0.7362492274983206
-2.1093913320218545
-2.6330649284343157
-1.5537523062050838
-0.9457326670679355
-2.0445716030283347
-1.9831894476472667
-2.4826574368074605
-2.0657721406338134
-1.8275487963635835
-1.5628743071534237
-2.3370049769115546
-2.7724100620438996
-1.618134984254771
-0.7229903342081433
-0.029515532293444766
-0.05721451510593299
0.21671335711263123
0.6081177444088108
0.5430581331027499
0.8514553485271247
0.8660122002397989
1.0774333984956868
0.9648345843992754
0.5996639023542388
1.046646989999762
1.1516304894043177
0.921443882100488
1.0768014256851988
1.2854860203575391
0.817598042608218
1.1018587323878908
0.8771410520868038
1.0121866872077843
1.2051444536408955
0.03895180672298499
0.7102458277542045
0.885053379506511
0.87408276749174
0.23009520833817432
0.5973441612676706
0.598645062531245
0.6502655654623886
0.8423938350619534
0.7877470065420034
0.46893876249615557
0.6262442168890119
0.2984114388370048
0.11794258641636109
0.324511029327861
-0.8535795055170925
0.17025411447627173
-0.16043813140900276
0.19174587606146498
0.2479441791473282
-0.31967980686073094
-0.38611774808532334
-0.0855144086587885
-0.3570386030484621
-0.20267684110012021
-0.6274191423198352
-1.0538842266971113
-2.447817502477001
-1.0566064778157145
-0.5131335573342712
0.04526890166091966
-0.16632929709285027
0.23981396146258496
0.3658933515825358
0.4019739454546827
0.44423654757349607
0.4724406066386376
0.6198406814921037
0.8782056304576294
-0.19694715492376233
-2.351211266139013
-0.6206846143942719
0.5413522151720899
0.408292781426324
0.8388254123166468
0.4052927917990328
0.036327659008095765
0.0195489626438324
-0.7574314298544454
-1.9092205951811403
-1.6664686617658444
-0.8264111182429672
-0.6289417622292459
-0.7725174642743445
0.04324579098153357
0.04600024709464597
0.08523334030978828
0.3485960368493165
0.4458252902694676
-0.9116048106770914
-2.19798869171851
-2.2721583853898033
-0.9874509088327802
-1.0217566282084765
-0.5628893866691311
-0.5976559178571805
-0.1979525739124646
0.46728331334260237
0.6926016485223766
0.1313682677841587
0.1912976458167838
-1.046209601690193
-0.11491166943519937
0.2784490222209786
0.5111757464732981
-0.4401804489556893
0.19311177514471528
0.14058513369782843
0.2985564140170726
0.669519994407503
0.13706477296169034
-0.27788482293645683
0.8344002588054305
1.034139596010393
0.5375259589704702
0.43113408418359583
-0.06364539134684942
0.306708517147179
0.015397679632097303
0.10038064334639038
0.01023312039425035
-0.041671438138628225
-0.5784328412248926
-0.0992694516784845
-0.6272076065145195
-0.8605473222167135
-0.904845233974882
-0.5102762108827235
-0.8769030762212288
-0.8658491371046857
-0.9296830868606974
-0.7306976432568428
-0.9035795032100709
-0.6274867750566994
-0.30184382327740483
-0.009817460803722363
-1.206054825704408
-0.6885798170737595
-0.6364449357712663
0.13679067924265514
0.5832263637088446
0.2367265689607498
0.4004425153659622
0.4525642647741054
0.7426916883494247
0.8390660509268764
0.8836322757075156
0.443585891212062
0.6846037804186076
0.1254703669553648
-0.8852531145165856
-1.3148745478272372
-2.3170923737474647
-1.0096895455243262
-2.625603494587156
-0.5269032008019792
-2.5221933593764208
-1.6366464519897232
-0.4067831458761206
-0.6258780866501836
-0.06468070305088074
0.20335774281574615
0.2772178618934695
0.37760615118018537
0.6156726356038533
0.6323096052520332
0.41804835705741
0.3232297131923914
0.4845303433808697
0.751782903960669
0.8635862312300473
0.9966909942000745
0.45582934681971826
-2.332356820498463
-0.5088241541155014
0.07661388819836683
-2.61188176497523
-0.14848813600264052
0.21792479642430534
0.13482441352139937
-0.025321252852316442
-0.17773643443544576
-0.25887265215079197
0.1399381774842719
0.38060968469993595
0.4335779936627583
0.35532473821861
0.3100154999524376
0.2837774838377724
0.5582398865265651
0.8109183438666011
0.5714298179681881
0.7081029722879395
0.7794750642704475
0.3790771821312808
0.5062606317253338
0.23192868579336012
0.33019587047148163
0.07957289175879657
0.28256758152777295
0.5442471723655591
-0.7923731195770107
-0.3593774560987062
0.22604660268797283
-0.48020408181768454
-0.005305163314560888
0.9773054334758493
0.9719529815443035
-0.37972068193317093
0.18162180503993886
0.6363471207248202
0.3320409002422835
0.7921584455296589
0.7496579176931156
0.44768747104836465
0.16908901660314077
0.6913824323262074
1.5091352891587952
0.4019004516212655
0.3792176400140505
0.8079336355729111
0.7622630001998961
0.9318344640473307
0.8354223246609157
1.0988927756870255
0.9010497731315882
0.2332204120404634
-0.206503546133989
0.3406795646529994
0.5912314391136512
0.7464398821018963
0.7696838673362915
0.3234838924175664
0.6949668926635135
0.9506314453733485
0.6953244774813827
0.8324430063600304
0.8433419038619021
0.4111437391110985
0.539480898757939
0.4995370078737684
0.7359886912775805
-0.23995459975298875
0.4025089339520526
0.7181950081167674
0.8033574678575413
0.5114741284972721
0.12095338386170028
-0.5095260952506836
-0.14877328878078805
0.2523230103090421
0.6044291389870257
-0.20796516309443777
0.11402593554215508
0.04907130651894858
-0.10752359235242966
-1.6786463064101054
-1.2140731494952786
-0.6761943221397484
0.017334836204756066
0.3004167991074295
-0.17035721850706165
-0.6868185910354903
-0.37614297114075645
-0.1772714161690766
-0.2414337423849019
-1.7694809960549773
-0.44212092264062874
0.13917923149794156
0.02291315557821891
-1.283667816934161
-0.9946225978461612
-1.1850794478856794
-0.9120396762444324
-0.7505237460860509
-0.918622137281333
-1.314752297537635
-1.7491315942577812
-2.3076204366924906
-1.6589128545978513
-0.7754289846262783
-0.47561922296637865
-0.07612798429722567
-0.22521421785444717
-0.23269971872301592
-0.8933920105472271
-0.5650629742712643
-0.14081433513527927
-0.7211159674370353
-0.7008045006295938
-0.06824264885990827
0.09959307340119927
0.6165448683483751
0.27439664268456815
-0.4781812450236322
0.1725633586168266
0.37016410339102884
0.6710902540158112
0.8594906933122622
0.8453772036577565
0.8174239316347844
0.7609894179156835
0.9016451374968406
0.4934218174867623
0.8060055921567857
0.4961689362426087
0.28689027989028965
-1.1626943916647414
-1.7616140408520244
-1.3449502638257431
-1.3346164352780827
-1.5666469428605967
-0.7933584987909805
-0.06487171803297968
-0.7520785122994015
-0.48686792916771143
-0.5540259071005007
-0.5417142131099176
-2.1352434801078877
-1.3158193609864695
-0.6331022903839547
-0.08278207212375076
-0.2735935259594676
-1.5416033893832009
-1.25299992788006
-1.3804196307521264
-2.337517446759189
-2.166829714676049
-1.4872457750174903
-2.397550838413634
-2.338123254300554
-1.1404678193898652
0.1761367383459653
0.3796263819833579
0.13456236846316344
-0.1637121505687475
0.41623006814216984
-0.06384902450543843
0.20542847949931223
0.7751258032080756
0.5640257510738322
0.5346358782524402
0.6965060829366775
0.4982588850353869
0.6408633399219607
0.5215492612238597
0.5156694842455577
0.6348866746587268
0.3515057214020454
-1.7880829989264888
-0.9232331631468932
-0.5503907084286149
0.037252228459406934
0.04539189619254203
-0.9919006844067251
-0.6050515189604772
0.356175251541258
-0.08880244992317572
0.7243898504105328
0.8038754759033028
-0.26284959242487516
0.7623793848233255
0.8606387817430096
0.9904010276737908
1.1794565432599984
1.2203977287034247
1.1030320145558459
0.8883136203954629
0.9408891168085799
0.4971883562759098
-0.4823362059277043
-1.788266743430858
-0.8833616881772013
0.30831084952768917
0.6151983385412227
-1.71072039081169
-0.9857324820042891
-0.4473416732564211
0.10264751602478175
0.4998158304428845
0.39181426411845427
-1.6509969453999152
-2.4703310974975197
-0.5318858055636309
-1.738476051470099
-1.0786158396975505
-1.9108286290672862
-2.7592133179277964
-0.9051509306446296
-0.5093175736969987
-0.763903756856848
-0.1382467341262452
0.487991776693283
0.5989912791101759
-0.008899130991563146
0.41519399864726214
0.7272642316263571
-1.3367246138143
-0.41018299818268406
-0.014521432295595174
-0.3168729525615347
-0.7969622833681531
-2.3302906769951792
-2.4812366707385998
-1.712609115462823
-1.0423441204931285
-0.5307816053545611
-0.2648317736240956
-0.6302822779427629
-2.261005451327785
-1.24972138841552
-0.3313434494839096
-0.03228897992263604
0.22969016318756508
0.29824284251688044
-0.08347869992305593
-0.9151293267308103
-0.7531282626097198
0.3314319864130552
0.5402455671401446
0.31038491906039417
0.4355228144519384
-0.20366149760358696
0.11080947281992934
0.17222154919117189
-0.02286342139467548
-0.04635651574456974
-0.6723049790566734
-1.7544465877205293
-2.2466133786412987
-2.266773797038622
-2.3022446062633417
-1.6157223416698427
-0.9102815405447866
-1.7562541754059224
-2.1189616071686572
-1.2411016510571784
-1.9710134209635206
-2.3246166661005354
-1.834430767281365
-2.20306736215255
-1.7146522909923663
0.07786791449908181
-0.6634189640522719
-0.31456722620865113
-0.21116933707823818
-0.8010710411949336
0.41677053854494084
0.02011936040867027
0.5274478431794707
0.9599336597142164
1.0648048886996142
0.4622379412801315
3.442594960385934e-05
-0.9315781439450659
-0.1503907161915706
0.14893431467977208
0.37166790863341165
0.21405985744933384
-0.6300885300361816
-1.2073508633504901
-2.0948969399666364
-0.8099507699607799
-0.9548658033456854
-0.9322895558292758
-0.9487501576520382
-1.8617819548333285
-2.726954045771787
-2.751261809579324
-1.3847907602243916
-0.8668959085187556
-0.7830805322644435
-1.91485299738818
-1.4300938274815016
-2.1614538850043616
-1.8348347411875443
-2.0101706457972424
-1.0661362468174218
-1.2912832356619561
-1.4499332499833428
-1.5012648165011628
-1.9140746818175638
-0.5905826016317391
0.0296710063903466
0.4799769422203579
0.4740015838086697
0.3458625177347238
0.4389881481149673
0.42381172404043294
0.32133116700075315
0.4753409158660691
-0.6973337129881778
-2.8293883583544863
-1.5121973245053895
-0.38811948577360333
-0.8452779332708982
-0.7998232298101517
-0.788479276764923
-0.10124892040169996
-0.7343247277340665
-0.9625328199477495
-1.341649775766428
-2.0184632031735346
-2.699333343597225
-2.6053266966668054
-2.1112485372656975
-1.0496882430349819
-0.6023074620600398
0.12433241823857118
0.038566748782756656
0.3033572112936596
0.3858786529103752
-0.25710591093923607
0.1861694786138526
-0.025567653452070748
0.5264371511996843
0.2355303471264251
0.7280250292695495
0.17793433431613417
0.6032465121055459
0.59935978698797
0.09678976909373832
0.33218393252225115
0.5261562008648875
0.6182586828013874
-0.45647636931976815
0.14931932758023142
0.3467707356512122
0.45116772353553664
0.5599348691723177
0.6273610407311602
0.3361829710508737
0.04082386931270543
-0.4225208082717031
-0.31062414998810634
-0.1773243373225018
-0.08530440040046008
0.4509230610388495
0.4356741610711881
-0.26710878829747164
-0.6374510793964865
-2.015710753911083
-0.028796675218356122
-0.24128464786635895
0.17267826591355007
0.2373110507671103
0.17385930965693272
-0.7466123545247061
-0.8510754788286494
-0.6458202486616624
-0.14443277278168426
-0.2792223678939582
0.026983335600436028
0.1744672844828436
0.4755114251194416
0.39151565833815544
0.33208316555261225
0.4138156756183661
0.2412152603107489
0.2507970356157637
0.046630001967961916
0.3358838922019743
0.3641523901142689
0.4852363147876858
0.20469375555961192
-0.08619994652308603
0.29403419662413033
0.3698969860914028
0.3320872166515385
0.2219992507816909
0.1447291724886477
0.5224311585719031
-0.06660159503000249
0.13419756809213157
0.252209767747715
0.2137212089661309
-0.7944923987192182
-0.334074530060874
-0.3377202460715991
0.012913185994408681
-0.013222757273966566
-0.022646044330511747
0.023983556248423486
-0.03850576291301554
-0.20240614522133898
-0.4254445546173392
-0.5875875197832067
-0.4112733880565395
-0.9754337295887312
-0.19065896691809497
0.5050010821881802
0.3675124307594449
-0.46779748329358817
-0.7846936301669648
-1.1127988358990253
-0.6015608049180324
-0.26806160387071665
0.12201898263631641
-0.061231334233375824
0.1222261599025435
-0.46254756143825354
-2.3174464080148147
-1.6684460815166373
-0.7252753372811678
0.02430131978389106
0.06520834901077346
0.418577226875409
0.1571368981625318
-0.09363009722174206
-0.1394152048729641
0.1796987385010011
0.22372858581331595
0.1991345983287971
-0.4793744992764403
-1.0399190782843875
-0.29928392750214766
-0.24790275320693295
0.17952584981424677
0.08696302601546306
-0.2505581554244118
-0.13225625868951704
-0.2899368940996112
-1.8477231526013072
-2.52048357087085
-1.5894097670148954
-0.11432235667231846
0.010081105764171698
-0.17612937442837842
0.39306424245806837
0.5393356629032392
0.6056387753201583
0.23019377083287113
-0.38670367629599417
-0.6731153911531841
-0.31747648879707735
-0.8826788773580401
-2.283542450138301
-1.2557988083983658
-1.0530578747035253
-1.0605158419127185
-2.0397916179845215
-2.5294160356308257
-1.989755014164399
-2.488859565752328
-2.329785599542997
-1.3399872340486232
-0.2690018598891793
0.20680878567024646
0.2582403533665221
0.3569908793776901
0.276561750053689
0.20005689705653093
-0.6807581584287559
-0.7729264928758196
-0.146979776423726
-0.04863293762185369
-0.4296826370616999
-1.6334425359945137
-1.0503484685546043
-0.08225762288757188
0.363835745227949
0.6214158558803818
0.6182921513345662
0.41560856073347285
0.6648102230229981
0.846951438196369
1.1061084083978063
0.8421009429631467
0.5499737000306467
0.8932060194499546
0.9396064332086842
0.8776715037205822
0.1853071896895219
0.386432465388192
0.6669718529961747
0.6928731934674289
0.5149068678757959
0.41396301434184446
0.28382654293403925
0.5801384780604683
0.4483707417739041
0.2529356035852338
0.5800904719642915
0.0085634503190293
0.27167572958305514
0.29793609560985557
0.10042856058289937
0.4513289535175306
0.6698412763608075
0.6085230026963793
0.044877969444952884
-0.21242397333673715
-0.07467700912917181
-0.6664137667228347
-1.973840390275265
-2.375429423117062
-1.1321701041502865
-1.2612281126896587
-2.6988486407652608
-2.4480104142142918
-1.001260814480037
-0.1903840298256183
-0.2355630616310133
0.15926886422156944
0.30551975873296133
0.2801412405011487
0.24035291050414698
-0.8314551252965633
-0.5917088468466609
-0.1145554181899941
-0.12618548014415942
-0.17848984607573265
-0.14047897391231323
-0.47016602808524927
0.08273750830481146
-0.05614642608545239
-0.7374902421651469
-1.904145493700379
-0.7603262096225035
0.3077866305422094
0.11858347086458661
0.2939471826217603
0.42729009362306386
0.6915846309989693
0.393237731256218
-0.996911981411959
-0.46280465051404157
0.011854948361312784
-1.3405571909382157
-0.15897432722528804
0.2859763599235676
0.09758568653951583
0.325553713204784
0.2827029781054135
0.46042085947655753
0.5160792553951767
0.425081149276204
0.277102963020377
0.14348434080292127
0.47915539767076515
0.11544689312313114
0.24013708274480955
-0.08551523420998032
0.3266239127259918
0.2614865288511351
-1.697752498349096
-2.5910956310778186
-2.510124638424205
-0.9854946564013757
-1.3200716343975927
-0.3439873792430531
-0.018640283011932813
0.3179634456716798
0.10914926536495008
0.26648026319797347
-0.019004127834640127
0.14395008525856584
0.24162570772612135
0.2103030264639734
-0.7383382237881672
-0.2808433127179523
-0.20859589370855086
-1.219140286610798
-1.8945271072500989
-0.7566958436627385
-0.04084635220143376
-0.6744145556991111
-0.42567320006063053
-1.7662438046442506
-2.483419415626976
-1.2320273927053436
-0.2533478239993653
-0.16619623727674313
-0.008442306912305518
-0.27941231175031384
-0.30099619096806224
-0.12574258212072018
4.927811119716371e-06
0.05796924412023889
0.1453810864915581
-1.1603872728869258
-0.4740994537054417
0.24560973223340113
0.18137411116568294
0.36212316582398796
-0.0743887311238544
-0.34426763107140745
-0.38918720364020803
-0.7049935873836661
-0.38970891049244283
-0.2821272540355976
-0.2875458807169824
-0.4229049060366308
-0.14154533352438456
-0.0171138809322213
0.4436810691255585
0.8222595727199649
0.8401118882000147
0.8502458769964018
0.7181004869262938
0.8999376826073655
0.6446846118095156
0.2240824185939846
0.07965788169330952
0.0789921046234537
-0.4547174477379852
0.14639399733060768
0.10387649255690024
0.3463898369976286
0.5372656946104651
0.7642081780497078
-1.2311502529576
-1.5918520560002756
-0.014449459676071598
-0.8060871948278578
-1.2138524513015798
-0.6552951013215115
-0.8246271146453716
-0.7541365070244853
-0.3779707117155677
-0.1724137449903972
-0.2170200252829306
-0.40978900772782023
-0.8304986146140807
-0.34239921832162995
-1.775364869958359
-2.3685017250005234
-1.457022324252947
-0.28316220403874653
0.23008042187766733
0.24677790096128863
0.4253334890172454
0.498320047773922
0.6371729643752997
0.6591774073944506
-0.042988239783351936
-1.1402761395808974
-0.0993829871480721
0.4455890532428392
0.3850125187390779
0.2485442826867826
-0.6859743472605798
-0.1652835023370255
-0.20916334515026563
0.277669617282279
0.5215391088096277
0.28199544533343984
0.5765478531245062
0.45588288220805673
0.24931908093492158
-0.24364621465474534
-0.3677916430490255
-0.39591668640083066
-0.54925913126866
-0.2883295476333105
-0.018226224170852498
0.3710128565320839
0.08460137399854685
0.48122692484138474
0.7850652212500205
1.098931652060062
0.9032033592209373
1.0642300195530778
1.0790229458711256
-0.4891596120368098
0.5862041089503909
0.6839924024818363
0.747631847606663
0.3519817882565929
0.2787789666236824
0.35598664586812195
0.1644763519184637
-0.12664084156262678
-0.2877664521194977
0.08548332932676685
-2.5544417983736083
-1.6337506801817072
-0.2943412622245247
-0.10115067972252267
0.3188103107433277
0.5273966195719086
0.6253554058843469
-0.7800084747326976
-2.4298220431906
-1.0312709623614866
-1.770415963509418
-1.695605645426923
-0.43964906055819375
0.3387659477328674
0.5961313127409723
0.4520870850397634
0.33790302089333724
-0.5648609049214471
0.032018051111898184
0.3618940489413332
0.333441936571262
0.1306891319338519
0.6731901126075419
0.8118337913503485
0.4419548176565609
-0.2755032767781216
0.15411505216432203
-1.0268957133776835
0.16580234700082214
0.4036826196782029
-0.05056137154014474
-0.5597260462303378
0.5165239405732438
0.5545289427255026
0.3382483179194144
-0.6321472617183932
-1.19450686848384
0.6594226818958119
0.8931658334629768
-0.2547961281253769
-0.5451585136171224
0.26231181201764764
0.5245099030019293
0.7400026643556111
0.5233951085006586
-0.46992712661346103
-0.31776104998141685
-0.03231494757869798
-0.10071104686515975
-1.6166675160663155
-0.18051922145921412
-0.2842380853458469
0.3467910046753515
0.006773935758537465
-0.597766892658721
-1.0570948427190023
-0.3248723764882792
0.5894893926173081
0.5608997802717524
0.650442146253031
0.913474434058346
1.1654415287578308
-0.1829894347560673
0.41351925928198496
-0.32635147104135165
0.32422500718019287
-0.4913729188076677
0.8549635700273196
0.4813542773365241
-0.5705066903052007
0.1693387990796774
0.3386191409393231
0.26758838063734525
0.5585608593152568
-0.1908421718921211
0.7905074620297587
1.2135231650217404
0.19239353775793752
-0.520806746132382
-0.7440101642727787
-0.9010145445968217
-0.6008555691867038
-0.4641123265847875
0.017987273340908275
0.09935563773870923
0.3353570018795153
0.3465295213890022
0.166710661657143
-0.3515090541963812
0.4283902778357131
0.3414956750893013
-0.14045551987122418
0.4042015445772129
0.17137532598378397
0.6760046946849995
0.2861131544812929
0.8471698336339745
-0.24088719241367196
-0.4405799127418235
0.2515088390660707
0.20714457774011447
0.2877402876542839
-0.15566765579062364
-0.4064205634667743
0.09410503942490861
0.3493800073811226
0.5501454988397368
0.8949215207635629
0.8167073253466463
0.5185041841865453
0.9183504590167386
0.9611025199955913
1.0777135744624928
0.6873286093350476
0.7833238817220839
-0.729960315768848
0.15310817807156712
-0.6604417875048979
0.06819632271558264
0.3203446174062687
0.5244089391829024
-0.2324758343877291
-0.6113217464045768
-1.331119007072432
-0.5842418306043446
0.04883884039417317
0.05562649277907591
0.1896309078700738
0.3308293465848958
-0.14469067965174662
-0.13948153036367364
0.10063398128542823
0.2809636913085121
-0.014836371147271262
0.4765057603035909
0.3712195355433336
1.1539995781160068
1.1479127186015985
1.0945642189644964
1.0772130786480738
-0.0902752401009482
-0.29813199891932246
-0.22028992458897245
-0.04615493471951071
-0.3087873806703633
0.6100183901610784
0.7465651389906098
1.0591696252959895
1.2891435343917905
1.1591995562306707
1.0925266270623348
0.6100820046389039
1.0766809723847925
0.9542472806159494
0.7986657458279602
0.32414252902590174
0.5106934914959624
0.33729109849152783
0.3858108696911302
0.5890495804141975
-0.3999113596583849
-0.027138120322792444
0.3616847096840479
-0.2412822888649535
-0.29741126354133224
-0.318025613343049
-0.11797137046154281
-0.5827267919434937
-0.08537398296191114
-0.011308687074930391
0.2097337424791215
0.06415083296237756
-0.12425866603133728
-0.06578982087611462
0.19211462609253047
-0.4268502289857567
-1.3626204974882732
-1.4860683616094987
-0.9885993473637316
-0.6848859911575447
-0.28493881001190385
-0.16804385013404766
-0.29768806156445393
-0.3343465911890488
-0.29402578498409054
-0.18739749448284626
0.05889542566059612
0.2209749411604787
0.3321960750338233
0.06348862346473311
0.17765849336824568
0.07555123639582328
-0.2678323967749308
-0.055016665783611994
-0.47909935907781065
0.46541323012141333
0.560710297857478
0.5256638771343063
0.6212943295493695
0.5724565199877013
0.28121927873585023
0.5258689162743723
0.5848483510326636
0.7254436635912727
0.9015259541000231
0.6819859179218701
0.7387019174994889
0.6535191580254027
0.4028245598246476
-0.060852604608911565
-0.3142876525523837
0.17519716465761231
-0.3616635099365524
-0.049046982595164504
-0.03759733110048306
-1.4910850423679745
-1.1865686250564385
-1.8913706645190247
-2.2304461464942182
-2.1401973931240432
-2.2315359138568294
-2.0064131264465495
-0.4039568690705614
0.18957331660860985
0.32789446102815595
0.4855982536395016
0.402920836814777
0.3725415354630928
0.6123824273730742
0.7271268266199244
0.5350414334278913
0.4221548628396235
0.40977017693429907
0.16046247741114003
0.4837893676840444
-0.10893599121667023
-0.10334525446273017
0.4555632899460223
0.4649534230729777
0.22028410415429317
-0.5748839135317948
-0.12188100961083104
0.12566790780971188
0.47294630711851443
0.5326086979342822
0.5902320253600682
0.7138193490620482
0.5772918624374981
0.6225344372664741
0.6071051151494881
0.5877224904529627
0.2811363824961548
0.24532361868359712
0.4454130673338881
-0.2087242873841456
0.11283742759000624
0.001472095561237197
-0.042433153883543746
-0.7514832129276272
-0.3768755590212752
-0.19157077334423367
-0.7932798283189598
-0.30803242387776686
-1.2540138370830827
-1.738692495570383
-1.2882564302690773
-1.980777003925701
-1.5742963222249915
-1.2535472701047599
-2.3864638647233765
-2.2251119031829933
-2.1936283018086855
-2.5947749638800564
-1.7550972406206042
-0.7031617749079233
0.19672903534878428
-1.5550663472964144
-0.49717437886765237
-1.7994379771763984
-1.8858200234963893
-0.7631384138929004
-2.042444605907996
-1.5660998783468556
-0.7553538347098542
0.3568376863923185
-0.16450185576594734
-0.749111427333077
-0.5440691062530922
-1.4007622156570056
-1.5106184933690263
-1.1621469310255796
-0.6405506538507512
-0.8870783476965987
-0.34381505427189424
-0.053262407164165707
-0.05670236737237327
-0.13816654181819418
0.22405819986464237
0.5710813345018899
0.5738090629626186
0.23011906952553568
0.23131895454926388
-0.060772394913491644
-0.17617925220130337
0.2044218386552126
0.07296073908748911
-1.7840720176542246
-1.8830666480702667
-1.0285401065252415
-0.27602648093040205
-0.36131543970161
-0.21774955074835398
0.3371264457229981
0.32716543819294835
0.439735175977472
0.6099560871122464
0.5302440277824367
-0.6853168397248436
-1.174165258637702
-0.4484854001228182
0.08333679420404563
-0.875287263404816
-0.8560810542166487
-1.1277225361634773
-2.202321056917423
-2.0145878167285183
-1.1210021452971581
-1.3379456409199466
-1.213962124779651
-0.8728479901558194
-0.5577027605684325
-0.24205051868413105
0.2758914594577783
-0.44538031374956577
-0.6583236961810597
-1.1641444739486349
-0.7908365850385568
-1.048647534335619
0.003239625702024006
-0.10888241517845666
-0.7179090395858653
0.10201426630799632
-0.9106235349270104
-0.18682753490864884
0.39884565743860995
-0.8178273633458928
-1.0037956248052806
-0.5412262469022745
-0.2138457812586322
-0.6505392593129051
-1.6126325683391105
-0.9250098114486259
-0.502750821993706
-0.7883509486588939
-0.7017222470303283
-0.5389037688883952
-1.2682368349756208
-1.819842090708003
-2.3451166614217365
-0.5745882428380948
0.12612795893004247
0.5005896716138906
0.7284199336667218
0.20936728136927915
-1.0648356858866705
-2.227108221722081
-2.246848300180069
-2.643741808732331
-1.310612791034376
-1.4261381208631543
-1.0955732580555566
-1.3004410609924628
-0.9569320269162619
-1.650149758413689
-0.9515243595524234
-1.6525929741700676
-1.3661395383659765
-0.29049510097504166
0.3877554145733788
0.13265556583132626
-0.08697500206903354
0.4460260063851956
-0.44909272697534236
-0.09012793631503037
-0.03488915589159617
-0.5854688747801754
-0.905600189433076
-1.3017287180174402
-2.316046813681964
-2.160681015293826
-2.1279661775373486
-2.274045830839542
-1.724600808638741
-1.004905641518924
-0.8374530534854584
-0.5880905283148768
-0.8779697847013901
-0.6709606148088302
-0.015507866018817384
0.010027532011977345
-1.1039971288230557
-1.4470134626422713
-1.7919818789035442
-2.198979609296144
-1.2458592585520367
-1.6638636331627663
-2.0891355969527465
-1.7462289794255286
-2.2207424649020857
-2.1434326640378316
-2.131220152426584
-1.8218006457346714
-1.5974247347982744
-1.7631857954234074
-2.099028014401426
-1.9043045787313992
-1.2171504755109313
-0.7210538092619466
-0.6056645521910982
-0.9179837369235039
-1.567300692583671
-0.4354767617010076
-0.09871629193242293
-0.03021244447035702
0.04871089406868618
-0.13746524821541725
0.4133145847675812
0.6837602371433789
0.1542362076064722
0.4885080902304881
1.0390002764639594
0.7956449687249785
1.1716009361972248
1.5225116803813223
1.5593235276674726
1.018702860984201
1.1003289700513539
0.05185666183065805
0.559015464828378
-0.24647438133357813
0.6293547296229722
0.050156066929783104
0.3413087513269453
0.6369099004302814
1.0703928431986849
0.8650060869252288
0.5587321803009173
0.3272631335312705
-0.7303874153815008
-0.24023121960521168
0.5735995169194974
0.18294805825759114
0.5009326392147885
0.20314895304144953
0.4073934998472307
0.8020290620762873
0.7956309375183938
0.8077793802888752
0.8841909749590725
0.7358376215937582
0.8770511934395485
0.5985130438706707
0.9062990490171655
0.9396318142458533
0.83867452216532
-0.685106658449752
-1.173044469674657
-1.615502079144736
-0.5664366423179247
-0.8584101308732358
-0.30334239480886294
0.43304385664427897
0.5401277481530284
0.39879935395654686
0.6707003066459223
0.48192006671920984
1.164476801643894
1.0916750554786925
0.7200393311470614
1.1295200779727446
0.8037964839531649
0.866559358980017
0.8833736042090294
1.2161984359952562
0.9495252636169056
0.7584917168666959
0.7842702605651395
-0.4335742124489051
0.4237043590335936
0.7082151974291102
0.8463573494537715
0.5735165777322456
0.6212199366354333
0.5326762106202355
0.5511012767877645
0.5323181442186291
0.6900440264360743
0.6262211321239219
0.9070357699494712
1.1589685311825533
-0.04466854679913909
0.675710527910882
-0.8568776295586625
-0.3190241393865578
0.32329514210553156
0.9451587469077798
0.8274042792638231
0.9712829310166816
1.0340053244818657
0.39689438169458585
0.6182444088828966
1.2738328537836918
1.4124508410691314
0.9338026372614641
0.055680459992674736
-0.5796643143316142
-1.6030439121413116
-1.9785427126183472
-0.4237004197239998
0.7617968053800279
0.7759191165583749
-0.950000166144685
-2.1866806299185892
-1.6482610276286283
-0.4720299826748396
-0.4354997503024879
-0.5614535846258473
-0.3574791151902301
-0.4819977263159319
-0.14042858826563184
0.502584733681862
0.3564322296056668
0.5497209963267341
0.5655151133593733
0.5765753590723898
0.8018720034372069
0.5341844295541843
0.7724190215584145
1.0396793199861922
1.1035393154598334
1.0999069639956411
1.3841175998692494
1.4617900107361306
1.4246825609758242
0.005895008597475223
0.17736551531243713
0.24952752472893347
-1.006636860238458
-1.7603697181004778
-2.618621241696779
-2.7166708228917886
-0.7937367691081477
0.3153097315989156
0.8524538142431018
0.9275722985536556
0.9352885634875336
0.8333482260023295
0.8191556067503584
0.9573344341008388
0.7531152490180413
0.9341812720998867
0.7723885632373765
0.34031897929115745
-0.059037617340222164
-1.040051090664918
-1.7313685149668347
-1.911077335196419
-1.6347642304036565
-1.0133660862670213
-0.8699451224223191
-0.7099091123721704
-1.787209912367863
-1.0554940636120962
0.03655571170518303
0.36043983153249876
0.8014653722376371
0.5227957500020093
0.13839288265471986
0.287331451405253
-0.011524841482647617
-0.12341202136238723
0.34677939463230234
0.5209926026960342
0.6505710362214402
0.6299465504506618
0.1747699904360107
-0.5752863959708422
0.599862199605602
0.9435465742931108
1.2028825940587178
1.3382436111815326
1.479449388952395
1.4329043532436272
1.4772132433686473
1.4666249949188614
1.566355328871363
1.5733278960330395
1.5828857882333052
1.4999170348097661
1.670084090281829
1.5424463750524018
1.5948724493048694
1.614826634021949
1.7734251374241834
1.5860541028497104
1.6794754908848455
1.6811067536418705
1.6645657918730707
1.3807579202195401
1.5528206295914524
1.5605509754747218
1.3389786610245091
1.4820930117936562
1.4048520704331824
1.5612082069216835
1.6399576640438314
1.7180313884277885
1.5588448031523652
1.7705387888409987
1.4348354015091498
1.0292579231968837
-0.1295853637433279
-1.953706599641265
-2.3179903567475035
-2.0478567904527982
-2.603902456006101
0.379698442398855
0.780301016607754
0.7093616555703433
0.41267040784218567
0.6273416067020386
0.740730284320929
0.5925009553641034
0.8117517912414434
0.021961196405306072
0.29710728449658635
-0.0389016079058175
0.08928946721731569
0.3672601544333265
-0.295328320252754
-0.48173993132326604
-0.010956270959122804
0.8385397392986332
0.9117889502291139
0.36843185326537564
0.6565458709498562
0.6373772927179178
0.9921962564799618
1.0272190177087892
1.1788618653390706
1.2902636239023786
0.6219370556645886
1.164530795682329
1.4272714970613012
1.420810749515327
1.2789515659757775
0.976995463519334
0.949735794542814
1.043469886117107
1.0928855097369692
1.0822300265563634
1.0573866746681964
1.1368002380336728
1.2397043560252328
1.2782568403007173
1.2884043245845453
0.6017113275475507
0.8771167160375345
1.1081347065848772
-1.7227112383459207
-1.4624908490156798
-1.087903346593307
-0.23627262003364408
-0.9367895316382752
0.23824831470959074
0.4192098085542992
0.3357960755028946
0.9161143901514194
0.7849910703166301
1.0357612180126503
1.3353531754388297
1.414795444885407
1.0465685049077111
0.6671095379964549
0.6422255869395618
-1.0058900507142665
-1.7215407231235131
-2.4372305512207633
-1.988140192061338
0.19437122610183788
-2.216504796218264
-1.87548522312399
-0.7289850745152224
-0.5113745390629065
-1.6384980820681883
-2.7557727698705956
-1.855564798100061
-0.8530601465854561
-0.5071289817030157
-0.0729637192682102
0.03469830694497357
-0.18367816018563596
-0.6572141615568485
-0.892772311339287
0.10335081691851515
0.5594516690347487
0.7892802318164981
0.9289090190448949
0.9504028079470758
1.0610514760499368
1.011122092705937
1.1347422740833124
0.35307403934644976
0.6493871197416697
-0.3597011367901663
0.4274096400690194
0.5689134226094076
0.3577487322188082
0.649908798015069
0.9650442799648751
0.888383434034581
0.4739127601235017
0.8854213347591269
0.8985244143497032
0.8735624438279364
0.2091704834896565
0.3802007430554288
0.21362975165166195
0.22790071797842196
0.2365987148144161
-1.2706913161784823
-0.9471951495778801
-1.6514507469333697
-2.039244148530765
-0.9984329720740471
-0.810278053808298
-0.8199994434761761
-2.1220916686434514
-0.6581466193588347
-1.1716444517089446
-2.3369374922759554
-0.24049138689795085
-0.07614930942749851
-0.3721080332720847
-0.4286056393229094
-0.9029697104330353
-0.7380389526316773
0.2167493217214834
-0.8126732698479174
-1.3457669257072522
-1.9358925306662982
-1.540632823447359
-1.634501972666278
-0.37563630297237627
-2.399943237739424
-0.7102096658030924
-1.9677450766770381
-1.6174283145467596
-0.029241590473589985
0.9310802168713299
1.2858878420583084
1.3703194950365811
1.212433364271611
0.8148738692346766
-0.37722411414163554
-0.9075361231363759
-0.5094556806205395
0.34772071430350704
0.7320304764909085
0.6936257761941187
-1.2264778388776323
-0.21455814995393513
0.45828028768475537
0.5916898469455523
1.0490904665090248
0.9805659379375178
1.0553141966700361
1.1613145107021687
0.9233782868372024
1.153879264373667
0.9778934720401684
0.8898689403311717
0.877242217847881
1.0254200996063336
-0.6524575732183531
-0.11721619035650734
0.5098292585372587
1.0160309802127014
0.3427238358886517
-0.6775523299340247
-2.5758818409215576
-0.8444891887344537
0.04807948707347592
-0.6245824448587897
0.8909903637045418
1.0886515222278588
0.7072882292898625
-0.05097147310955402
-0.0605024828205073
-0.1354991159888579
-0.6205291097531515
0.16835898763510057
0.7609830572723384
0.8017850173781266
0.5301479459049536
0.7860818606782434
0.734434204895556
0.8824613327943887
0.5961719672983111
-0.7647025514202822
-0.3012149137882246
-1.2311675937660105
-2.1414146100943707
-2.164547738026386
-0.6412982740086022
-2.105867640087543
-0.3463501439083556
0.5733221857408602
1.005195722507529
0.8193005368843201
0.48807394705194906
0.6737850870944356
-0.29946050913199335
0.71697525079252
0.8134586994787444
0.49103144003446253
-1.086462018747765
-0.27148476881200023
0.27006437750789936
0.1265051623354903
-2.3326343292034024
-0.4905288036738223
-1.5182886022842639
-0.330496660552052
0.5778245668476356
1.1649531181511679
1.0802513367265305
0.8183695847783252
-1.1383616015623923
-0.36685412371646
0.5014987023012121
0.2814927530318829
-2.3108818437630965
0.051952726181908826
-0.1690970927655555
-0.8696886054837897
0.2629508269840269
0.21578159178301656
-1.8560723956406469
-1.9010508492140523
-2.6718742306056615
-2.0891964087398076
-0.8086804490369558
-1.0377223799277755
-0.495880215235986
-0.4906168773436193
-0.6218013036392452
-0.7074197739976641
-0.6500548613512417
-0.16342695997640763
-0.8243663867798312
0.3583615766619422
0.08931089579082409
0.6465854198265626
0.5155860879401817
0.0846520286382231
-0.46267029200822296
0.1591996398026442
-0.5487895002558265
-1.6272339175004111
-0.2034188180267204
-0.5897553883552586
-0.701172137624241
-0.13523218378595553
-0.8906028768859565
-0.4114030760851221
0.09981586862212756
0.8173814440424761
0.9378255414753317
0.9204361677438985
0.8789800238628129
0.9391324840337151
0.2650718560275873
-0.06871577809996027
-0.06807137060115649
-0.45668378406871374
-0.24764748843823373
0.16306735791229623
0.29949690097903486
0.13877652439912197
-0.356344838662794
-0.12330680801539874
-1.975111802565177
-2.71650377533985
-2.677264716575116
-2.602605234547705
-2.5457617412733877
