0.3360423073691621
0.22673200922596162
-0.045261513195497656
0.16121631386722599
0.31719990416725896
0.23190886315880394
0.03774283869861044
0.10045265639329999
-0.08585710064815426
0.2407884480719668
-0.5732829562547174
-0.6741706719704998
-0.3609797678059304
0.09510706069602018
-0.13926784488337676
0.08094239973517954
0.3335544804151737
0.3505115034558349
0.29829163555920474
0.6012608351594633
0.5517047167907736
0.5250136536490636
0.6293061406849008
0.7701996086346122
0.8119235013377946
0.7781243650305202
0.8664336095814302
0.5836705655453344
0.45005110556524963
0.2974728760628384
0.24274972130232422
0.554683965440385
0.5056059893009212
0.5357462934755499
0.5420810501227045
0.3840201678219076
0.6007001199541339
0.36993496095023526
0.37520140603760765
0.500721009946431
0.5091354248881094
0.8817559513216481
0.6246793128540161
0.29763961385163956
0.29554573207822193
0.0276019078501117
0.3014235393455455
0.4178070470380857
0.49729734209788273
0.39259553297407584
0.09251760696463458
0.0941909999424522
-0.11136134219701824
0.3064199819988323
0.002043568038822995
0.19931813364660414
0.23704223091096502
0.14546089109133137
0.5676349752311383
0.7021345380291744
0.5547073443360179
-0.012103739633037732
-0.06282798522001688
0.026550545571676114
0.1741052846807007
-0.13032262819494456
-0.24675755370812338
-0.4631755722243021
-0.5313569038449433
-0.5301431373137353
-0.30438718787517266
-0.4388649353841142
-0.10808658834361855
-0.07308947790402638
0.401584220815022
-0.2647061817401904
0.03561042664872436
0.5213191214151986
0.6455446468823759
0.5385322189541336
0.6410072093277924
0.7471390931237628
0.7064578053784655
0.3377492729980826
0.7412950455694818
0.892776987233508
1.029394239567838
0.9753038836853953
0.8837503522204446
1.0270840297481107
1.0203096643361453
0.8258484250723511
0.7736042109083946
0.7932882471218258
0.12936227564082894
0.21836019389832595
0.49947101781399805
0.5926175367881669
0.6102845535032426
0.5907720146387462
0.7853431082133545
0.6969142185079192
0.8092046813927426
0.6225462333360771
0.7175279513473377
0.8301765330811791
1.0388641659400495
0.9917238201779698
0.9650712269828438
0.8491360754942223
0.7653202272815429
0.7619959711268437
0.9926473725966014
-0.2519885641090543
-0.5299698098419391
-0.618728874534496
-0.512909083553636
-0.3430067799279385
-0.14105301191418687
0.10419745701484863
0.2858441847554656
-0.068684700462601
-0.2818152300231594
0.20729109008627292
0.031176149940573866
0.21102126030583798
0.43857334518812596
0.657683351735887
0.7625569799083786
0.5480533844337979
1.015947711870312
1.1088027464728314
1.1590528230219177
1.1176706429272552
1.0479407953676936
1.1156790722605485
0.9041878577907926
0.6714332028699745
1.0330312078972492
0.72541623343303
0.9767872870018207
-0.7724121973610322
-1.231081926975173
0.411487155665372
0.7289324027188465
-1.2451795334889646
0.6280677266924826
0.34356214862334505
0.6376907040986943
-1.9711927556946716
-2.648927414819795
-1.4009338332944112
-0.9003806411307401
-2.050666070094056
-2.074159923528407
-2.7313081629936704
-2.015665967490691
-1.7802468142190715
-1.742784146659378
-2.4553774034589018
-3.41597828401462
-1.729071032658189
-0.3196890735088167
0.1449366838622365
-0.0548350632499077
0.22660138128899904
0.6355157684083445
0.585042997618065
0.9154172459004063
0.901870922204272
1.0168556138527864
0.8957713327643434
0.5417644312495123
1.1332493871728513
1.092097791688526
0.8812132731409917
1.0141648596736759
1.1572186259610826
0.6737490182256065
1.0382734666669242
0.7588925398189174
1.074803231490766
1.121631691471788
0.14806595870056125
0.6859660491102594
0.8894113253646678
0.8624807008399896
0.273463814514178
0.5812910542849542
0.6273115454143622
0.6407914978290634
0.9203445894993767
0.7707609225438691
0.44831181155943006
0.571292607865898
0.24882374740201504
-0.05329384383985637
0.26422706532781803
-0.8931510304632028
0.1554900681822479
-0.20495961083967487
0.12293907827436612
0.20665005056098207
-0.26121525562979064
-0.47486584390171477
-0.0994513757109191
-0.4016567816778274
-0.24210536117794074
-0.6243691607239771
-1.104588913361259
-2.650847664954686
-1.20260500749271
-0.23598423581164324
0.2198117247169773
-0.17300520410367254
0.226635007052566
0.3747360388844819
0.3327230236495126
0.4756038263118163
0.5120282561959676
0.6466684718405066
0.8261485075727785
-0.13473491508976626
-2.3365811552649274
-0.6378400442223147
0.7139669866108197
0.4031261387583882
0.8920172807868446
0.4354501891728374
-0.0131095879645805
-0.022642156370057436
-0.7882108976103411
-1.8493372749145274
-1.6977420337116007
-0.9321353601853054
-0.4843431106343359
-0.7892535510775947
-0.02990669246371665
0.027834361033243066
0.1220624975991008
0.4480854773770986
0.5013520529075391
-0.6917105902387205
-1.863991279576121
-2.301622765329081
-1.0275479759953525
-0.8780656782874192
-0.2214939582818261
-0.5934351861123799
-0.1910619941794842
0.2983244330217139
0.6330642200923906
0.0818646411289364
0.20654991510627227
-0.8714829649939576
-0.06400502929593828
0.24800580186908464
0.41571695769883793
-0.5572776561638743
0.11847200018984336
0.31052774676349787
0.38364866111181783
0.7043951308184483
0.147674468118513
-0.2123291845514125
0.8600859678320331
1.0561570546540824
0.5554877200459475
0.42678181524355113
-0.11844945420514959
0.4958336223839641
-0.016658039870969678
0.14810294714710207
0.00245962393537565
-0.027602555600767513
-0.4811011303398419
0.04649229532414605
-0.4710016023813755
-0.6405229127423296
-0.9138316451589273
-0.30303728250342293
-0.8015608625236912
-0.7187290991720677
-0.9360261057169811
-0.579201209793956
-0.9978934207608494
-0.40036339985700875
-0.14461189599596175
-0.01211939781870799
-1.206976683958351
-0.44418522339129296
-0.5874856749066703
0.20304300233208905
0.5753666485830327
0.11932192701716152
0.3698106842284071
0.41411094563045403
0.7315137854338024
0.8232388586815063
0.804734717045404
0.44963370859328655
0.6071887804627868
0.12510004158548962
-0.7843017539380456
-1.3435566461090105
-2.1817300862047007
-1.0507758883265457
-2.451757650660365
-0.4152318154091125
-2.6004403525292905
-1.5868137377326568
-0.24858591661354043
-0.5466171074102633
-0.03727511194448415
0.20010286567199945
0.2620387630018636
0.5286097282385693
0.6561991096006802
0.6585893078848064
0.39725889575150414
0.3283164317312463
0.4427459326957761
0.726917050135652
0.8872571029643436
1.0391428066289097
0.4196085125524864
-2.398470936317118
-0.377609362975082
0.08925915484198403
-2.693546169499851
-0.16265754122046625
0.2753917913265255
0.0725736058449564
0.06121976423597295
-0.06194275940946299
-0.21425787879725836
0.02675910102231951
0.34079316098204887
0.4598327385661422
0.3373296443707698
0.2429135564851382
0.19786613738624245
0.5629623747288204
0.841780113451485
0.5503786861319203
0.7513449343260488
0.8954645520632195
0.39318443891804933
0.608897866306443
0.27537583416977707
0.34933484904705736
0.16229465728811956
0.39082005008179227
0.6505243666060966
-0.6604358379239119
-0.47576193178881726
0.21610767759918273
-0.5525255194602264
-0.1192877720459733
0.9480068830074388
0.9126323946716158
-0.31230259353554635
0.23791298266466424
0.6918202380603351
0.30651900974350316
0.7512474637840816
0.6636568027552409
0.47165227018791095
0.1321560058965838
0.7929557715137275
1.5498967072494392
0.2878802304669064
0.3488470957992445
0.8003091539622244
0.7629571321834216
0.9490504985008309
0.7971277394249057
1.0388892260422211
0.8721648671964297
0.2565629669319442
-0.1974494980256416
0.3292434032721969
0.5539947824900378
0.7411475801985509
0.7744046311740572
0.25634824688246105
0.7069922210156874
0.9963431342016735
0.6189031637013768
0.8007285525515296
0.8658361156564681
0.4416056347211869
0.5168949808267003
0.46515574334360243
0.7138088650618479
-0.20951210839084378
0.37938778458863887
0.7783716209618925
0.7941834505187118
0.4967821522196761
0.00872827694040133
-0.6622956733595436
-0.29045815563430516
0.25203634025282406
0.708424760353198
-0.1976733686757354
0.09547607455323819
0.03737345207885447
-0.1974272388014884
-1.62505806340555
-1.5089482594736576
-0.49283296864375586
-0.0185464209278044
0.28207734781579236
-0.07388554283565354
-0.5906602879924588
-0.3070157595166637
-0.092947858785084
-0.1987913859963572
-1.6312635608693167
-0.2431645210029983
0.19653928519102862
0.0241139064530367
-1.2707922171784767
-1.179886075098004
-1.2819390773576382
-0.940742623932456
-0.6524114157788627
-0.9792700579948639
-1.7357181836854225
-2.1296161596402103
-2.401940609692481
-1.807743009892839
-0.7771014430692521
-0.3596134273681601
-0.08180678950901699
-0.23689239406004167
-0.2999848108240864
-1.0752781893225145
-0.5486229120397422
0.054540927581961
-0.777505655296892
-0.779438558320693
-0.15034923252978016
-0.056092809327093554
0.6028704081067316
0.27322929807011687
-0.6102571379942405
-0.0476149415811984
0.3124250656308856
0.650386343259407
0.693814419829699
0.8007209832477462
0.7230265417786933
0.6910160811882962
0.730518982378406
0.4311210364696826
0.750826785117498
0.5179006170284567
0.2996057806747872
-1.1654592338197598
-1.7526484787783754
-1.2293585613497855
-1.1791005286279042
-1.504770476201786
-0.9910563110874457
-0.07887340633660692
-0.8110994369465959
-0.5255379248125419
-0.5204829493925658
-0.5108804788168603
-2.2420471248508527
-1.2589825122680502
-0.5459978790369747
-0.07101602375547147
-0.2134871858715564
-1.3440251091544015
-1.3346035394118245
-1.3143045946457919
-2.329388004644933
-2.5199767066267063
-1.598412788833723
-2.410405121866464
-3.001754985626547
-1.1482692689661553
0.2946348647440723
0.41431352760029655
0.15082701778823931
-0.12265421537261466
0.4365545805872814
0.04456205603573519
0.12085134428802265
0.7069920247930568
0.5308534266045359
0.5279544062161751
0.7401368985517408
0.48648419488558436
0.6570521611357959
0.5465252836638316
0.5346431006144197
0.7112346578249934
0.3534022044403385
-1.453381151279539
-0.9246402721632956
-0.3157278129587139
0.07470052679638049
0.04892500161180802
-0.9619785408098626
-0.6936561468342913
0.43768655139686846
-0.15732094609933228
0.6419214645456247
0.7663939803072121
-0.2849211267895272
0.7480452346180714
0.8200648885785942
0.9610851767216456
1.1413244477930384
1.105208652710653
0.9657963086542095
0.7931630966221842
0.8456351301418182
0.4891477015895337
-0.2618434591928093
-1.7216181262854726
-0.9241376194184223
0.3322817862839587
0.600062791357936
-1.5593559068816993
-0.842134432373131
-0.4195501373614702
0.13467768665910893
0.4700933435060448
0.37958038352301726
-1.4982149381773708
-2.4761949620638206
-0.49066407364146586
-1.6691626065973613
-1.0413241031332492
-1.8357853369766364
-3.015135705415536
-0.8528477410659001
-0.4627115729555848
-0.8083389487388636
-0.18193962709145337
0.4340832550887806
0.4654129092633962
0.007290263560805868
0.4174271180995378
0.5941128661032211
-1.164174584279871
-0.39362504228499456
0.01072424471412602
-0.2917203299822692
-0.6841205140541732
-2.383646874425043
-3.1629981604057713
-1.932806057043715
-1.3572068936797255
-0.5247010804096208
-0.2648668527671724
-0.4835488325798875
-2.3371516918886384
-1.3025917276399768
-0.27244224382555843
-0.08029004917154726
0.3097155029887224
0.39483155915242113
0.022056483739548074
-0.7366263867866616
-0.845548307417818
0.35285402826107737
0.5193597462820202
0.30754138202043013
0.5039470357860104
0.002612985673604216
0.18329219489516543
0.15356037951286813
0.04055461627103357
-0.12232507910857712
-0.562502183833093
-1.7033496333365103
-2.3952493429955988
-3.258161666076467
-2.480463709236869
-1.197816629321547
-0.9613771661376237
-1.8976740586353351
-2.3742599278289056
-1.3348861129649603
-2.124189679753377
-2.9391825500116036
-2.1678029226428794
-2.4448756529870113
-1.8805048254055425
0.12012492030412511
-0.6550863941518191
-0.334857947993081
-0.18084171157724183
-0.8233988722570176
0.343406383399987
0.024839117803668685
0.4293276210587635
0.8855052311642907
0.9393077711173224
0.33219995251817647
-0.1148453536942166
-0.9797331683091642
-0.19891266202328373
0.12786093645583488
0.3798859915436871
0.17960131432075724
-0.555420409089578
-1.3371967943318999
-2.124452659922047
-0.8076556387966819
-0.8394133370789139
-0.8534075440156158
-0.7600577153251988
-1.6321508059463314
-2.675985705307802
-3.3991000387412353
-1.2842276367587542
-0.5958623648426599
-0.6086322287369889
-1.7634966587571526
-1.193020800319818
-1.9844881190481167
-1.6849289274425807
-1.9422526619868548
-0.8475686154503874
-1.0721561499505567
-1.550551561890212
-1.527949027361997
-1.966171473316381
-0.3745966612004575
0.15487498697081592
0.5081592887391618
0.4913494864263495
0.35609395780458736
0.42908735906121837
0.4400302842939058
0.3090438664381673
0.44264577456327076
-0.6293694371272428
-2.7164824053094754
-1.4297922930999902
-0.4290186972323774
-0.8801637842486028
-0.6991117143730833
-0.754308373470196
-0.1721900992894554
-0.7989754412947973
-0.791308333447737
-1.0438307903511308
-2.0439359077482986
-2.9431478269937985
-2.848379610549819
-2.0934282903763806
-0.6809813214263014
-0.4280243081252208
0.1165471006110347
-0.004619494419165639
0.12010081517893911
0.37053833962409843
-0.31901608237559953
0.18796569639925903
-0.03971413318734651
0.38130502771172287
0.21037961863956306
0.665352451623977
0.09816958971659717
0.5448051233907074
0.570596715321796
0.06192097701712567
0.3252933974379963
0.43777145115379684
0.5645200179150491
-0.5603795615683242
-0.0071980278454016515
0.2721082989936072
0.3612065037858009
0.5795838742752105
0.6320996534401498
0.2792585096275532
-0.14584253773850928
-0.502275645524899
-0.3993253583975473
-0.2908081119249424
-0.2522368153409756
0.41032504841649003
0.39155545582592366
-0.18564598544753447
-0.5360998151106694
-2.0733490391538383
0.01743546529646258
-0.14283347929589113
0.1935044268984938
0.23053415931580765
0.10133163204437075
-0.5263015259977938
-0.8021430541122638
-0.8722962541275535
-0.07393046211541052
-0.3084869289783449
-0.03944589872512309
0.16383548874725745
0.4923383133116702
0.40523260213254064
0.335332659449106
0.4600421979994657
0.1775901865567768
0.27305848848632935
0.057021144347398786
0.27052857562294536
0.4120415274905537
0.5476872534450025
0.1838005536147768
-0.1863400494086022
0.2619064966304582
0.3857061541242149
0.2967023481361198
0.21979812679708863
0.03156483069282405
0.4121291222308688
-0.09456268138913952
0.14066101673493556
0.24494626584720722
0.1934827634882657
-0.6922928668742643
-0.24068107665940422
-0.24882486196302991
0.06650974267103503
0.10840976856835217
0.0803919017422019
0.0447810672322538
0.026355102605602143
-0.15028711196280972
-0.3832092298242042
-0.5202621412096388
-0.30048478547849305
-1.0240810522889092
-0.04330547370787161
0.5748848817111668
0.34086621513594867
-0.32597543792407485
-0.590470643272063
-1.1005277009064216
-0.45251191293566956
-0.12202073735151497
0.10765959309779276
-0.006743155547968423
0.15374405959282347
-0.3636136227670651
-2.226715084503495
-1.7146632229522238
-0.4733818806689688
0.10784035519652445
0.10293522381143935
0.37617090232082223
0.1364785148990107
-0.12252946303528038
-0.1143482362239616
0.1356101412676489
0.2073944045846346
0.18604523025515332
-0.3878348741551986
-1.11631914504655
-0.28664117952604606
-0.24942338339332557
0.16537560043637203
0.120830550868727
-0.2761343560391706
-0.009220103267647889
-0.2522271105354415
-1.9025818470658324
-2.381082148130679
-1.563146434403872
-0.09946303188105542
0.012312699647164384
-0.18715503017197493
0.30307436127561066
0.502731783399651
0.5663019398108637
0.10310535807405315
-0.3669603010257735
-0.553433797299172
-0.3391804199667936
-0.8636232415932293
-2.5099122925559962
-1.409423095359695
-1.0923219807828943
-1.105100260393639
-2.040878981937467
-2.8137792667735915
-2.1619519057307537
-2.499887181335955
-2.606525872386991
-1.2556121795365534
-0.07382355342749496
0.251515643707155
0.24910209537994749
0.372453386611537
0.2734616298106812
0.24079522635060285
-0.5575598913358315
-0.7447494208838938
-0.06452341894240074
-0.0921769860472575
-0.47344001764855764
-1.7157316808371503
-1.1171980288059937
-0.007705267613378968
0.37349900163791905
0.6627880884829628
0.632060471559598
0.38697705835240814
0.6160310112940353
0.7947500045698793
1.001317572307947
0.7797833324986535
0.516091713945071
0.8035498639997878
0.8588766765199936
0.7891554256475212
0.19506112621234156
0.40961790388658365
0.6009707949140053
0.6065579752017171
0.5551500701586138
0.44338525337755363
0.3112413668054216
0.5717282513641264
0.5260294538091462
0.32023061522435353
0.5278302438155779
0.0475102568259937
0.2730272523842933
0.29483560386183605
0.11652546204893996
0.39994507463017703
0.6164540530315229
0.5944066572515482
0.07820398250808035
-0.09302789646391271
-0.07897154184114771
-0.7810707466678226
-2.137806220863432
-2.7237880541714445
-1.1434936985030606
-1.3402183262446346
-2.8657600876452514
-3.2460568656131095
-0.9087118761055576
0.1261177760115508
-0.15203783939874774
0.16531737122681525
0.2905484599866157
0.3321723712554993
0.264825866761554
-0.8855083069273676
-0.6868482453318218
-0.13960544919762793
-0.11651871753427853
-0.22962173819036574
-0.17390239171965985
-0.6514711444541403
-0.032286647916554466
0.0027551188604852997
-0.76899197269053
-2.071464537783054
-0.9269950934753837
0.2497484732915264
0.14531561845362978
0.2960438489482651
0.5009188824824998
0.715379332988414
0.2787379499572423
-0.9375912962136647
-0.4944237115878859
-0.012982601482116269
-1.2885637911238212
-0.21002679732949905
0.2802273176928795
0.03167673221721938
0.3444813623907151
0.33925543449464957
0.4301088085539961
0.5034140344794389
0.4357222094652129
0.30050677457156116
0.08192745095259443
0.42355899100807465
0.09141914210086607
0.22625231392896764
-0.08188273680043859
0.2939741855078725
0.2257231337654601
-1.4336565999289532
-2.524634198999606
-2.5530394996517605
-0.8554459222760709
-1.4029266332566668
-0.13708375294831956
-0.09956191839758922
0.2962374626462593
0.07738693411855548
0.26980041038784147
-0.08408964189677186
0.13765481114232808
0.22502811115683982
0.16405753766913003
-0.7745309520227008
-0.3472387488840282
-0.3532575884316517
-0.9874242000710669
-2.14053126033087
-0.8384773429574736
0.006731079562625739
-0.6900486510682026
-0.5332733102342455
-1.8062349701772749
-2.532955740266986
-1.4237182980007683
-0.38572704206379005
-0.29524602046558573
-0.07605098864537649
-0.43285963678996914
-0.4639950293341698
-0.1846808905258992
-0.01088794234509211
0.08444042866861586
0.2053314029609978
-1.0851367722684249
-0.43540706004221547
0.18966727841962752
0.12028940761444747
0.3352570869164344
-0.2249625409150699
-0.5207337688981699
-0.63593874257362
-0.7602827477404622
-0.6676548586196935
-0.4304247786421632
-0.22954110449399381
-0.4845154118784563
-0.05518543606163789
-0.04574945437788729
0.45612222265810715
0.8579836357696321
0.8023774658385074
0.8651439832093626
0.7548211725066301
0.841883243496672
0.6722987621060558
0.2480008964400758
0.025104881639775423
0.15382294237621763
-0.2933961757367746
0.16401888800106276
0.0668599633930755
0.29855327759433553
0.6144387902243597
0.6059778085451708
-1.1088894689406972
-1.6837406791192027
0.06410989520481149
-0.8409476600921718
-1.243029827423342
-0.5282477111807948
-0.8782233321005017
-0.673105526147751
-0.18008883892792502
-0.22328703758900698
-0.3465214574955679
-0.6834686003904366
-0.9943204025295845
-0.5939326075306612
-1.6397953639431315
-2.7963507084130654
-1.6127981332740782
-0.05281112399694088
0.29934382724162345
0.2925054260890523
0.4351787060541246
0.5361214240473273
0.7003569340100706
0.7108870238980496
0.021963684187334014
-1.2341010870756082
-0.10843691066954039
0.5006880935314333
0.36145038855378975
0.22345467917330208
-0.7102541708619624
-0.2952911181906557
-0.2082015885804418
0.28073321892378944
0.5507204086754429
0.2559589851776019
0.6221272395976892
0.4647676859541076
0.3148856903709806
-0.20873774662202335
-0.5980692540852638
-0.540069773357602
-0.5686719604319764
-0.1410085384967011
0.049811149189621325
0.42328701015221126
0.18918525204624798
0.5751215096398271
0.8080633500929412
1.0234058209521721
0.897165113133333
1.0354361399982186
1.0771332504585382
-0.38975055856773955
0.6165196533382151
0.6909865158361531
0.6240991649315593
0.3939593693908795
0.23455128606476677
0.3594721926650739
0.2428747086057355
-0.040917120458394414
-0.2367170945704235
-0.01576610122270624
-2.5180888472733356
-1.6879680207127123
-0.21816093763583275
-0.15827069567424237
0.2690411520560686
0.46239131510263803
0.6180063076355534
-0.7285788805228178
-2.778161903435744
-0.9939499799047814
-1.5543139163674677
-1.7646328765797392
-0.4761969944927843
0.3364454827945752
0.6407800291575686
0.5246573819159819
0.37968715415979515
-0.38643578092690906
-0.0030135636973032337
0.40030943982649136
0.33389530119627603
0.28425234679073785
0.6378192867586118
0.7668474317953582
0.41417597848272747
-0.1586231033443806
0.08881139816407178
-0.9155653052724089
0.09571106921681996
0.378523506786128
0.06522636696060177
-0.5515511295795237
0.4205878644099292
0.5068054593812281
0.36470360078828123
-0.4706607199779563
-1.1190112309637188
0.5720564072436867
0.8708392421641875
-0.18452503181721283
-0.5681648641251831
0.19208412438256425
0.5067321631308179
0.7043570254279576
0.5191118073250437
-0.4089287789840494
-0.2790128755834027
0.07072064270212171
-0.08211953803953416
-1.6054881362565887
-0.14460577657110293
-0.2771780524607381
0.35201989327018746
0.009235415045980355
-0.6314299353525993
-1.1372132674631332
-0.18517332474202794
0.6064744623287679
0.622789759348081
0.6304978132166147
0.8716478747860901
1.1871741663850381
0.030888127015641642
0.3833419318166625
-0.18964082368567436
0.28799326820276594
-0.3701958857290852
0.8930509220340586
0.5135658030641818
-0.46927694785729385
0.18613472356328126
0.29498992660416573
0.22793536311841392
0.47950119862858565
-0.16493607762598175
0.7943680782072036
1.1021758409270963
0.07953441318231191
-0.4445680242856324
-0.5615649240056894
-0.8974723375416954
-0.6817291074285692
-0.5306131166715587
-0.06783989782181359
0.054153264172440665
0.33173734551493933
0.3502188195369424
0.15102002206281684
-0.3867144491820481
0.3912275739037496
0.3076378093821551
-0.06500002005513787
0.39234757740647097
0.101040284540302
0.5971175200959232
0.2665675949407231
0.7662109536451122
-0.2851073484162299
-0.4969206719294021
0.1676866657795031
0.1237940796922854
0.21431813733304436
-0.295252658090825
-0.49536684913943896
-0.03320019291296664
0.3773182646862339
0.5478198253971792
0.8292144625302863
0.621728879450178
0.4071936685546104
0.7570855622488385
0.8598139048174044
0.9805093615582005
0.7742980291960267
0.7112903769650837
-0.6974356573902708
0.11690980128237084
-0.6630157336392701
-0.022446626180843383
0.3196715955785597
0.5082541255995346
-0.2571685833090638
-0.7621574814699718
-1.552192066056947
-0.5715016002251068
0.07218135409236262
0.014165201537560767
0.14845932878177076
0.2620981852696074
-0.2411619821990871
-0.2050068748040516
0.02762798569349503
0.2694882047406965
0.08784263879827493
0.5476612928832637
0.35366408262323124
1.0543925147662105
1.0951329742572062
0.9814022871435096
1.0596994834377438
-0.020728206627207226
-0.20156750644400098
-0.1597871842945233
0.0701094533703978
-0.19830764239395712
0.5655396946883536
0.7022057796445965
1.0202164434968235
1.1743499083654725
1.077020309226665
1.02739338136891
0.5088759253449909
0.9616240760577514
0.8643806108533324
0.7452462291767412
0.3419526134102574
0.5609004363098882
0.3716252943807651
0.3593365628511171
0.5110498073389158
-0.2966898154362368
-0.021111311942869432
0.35449431852571855
-0.21141657007205203
-0.3734489249525018
-0.3256834590463086
-0.13434490476358507
-0.6523697385654185
-0.22014243374254397
-0.09139214549871415
0.2721294044600723
0.13362492081483476
-0.14419194906200947
-0.0422587558078951
0.21184477117047704
-0.33963706244414826
-1.2126012045423746
-1.3696539007941249
-0.8221836659747239
-0.5975459536861993
-0.33540360266374075
-0.31572368523009686
-0.4233410887680262
-0.6004748918323729
-0.5100116590941915
-0.26782335346198105
0.02241552527052825
0.14724832039555086
0.364899554137752
0.07816622273405423
0.15125839801775218
0.03226434433295937
-0.3543296790798159
-0.18221287469079886
-0.5491218000232073
0.47999890544297064
0.5751124091016171
0.5714516737359604
0.6998679098557173
0.6143142913267489
0.33942227269585457
0.5542882661955159
0.5954177433032904
0.6454241563532696
0.7848976206018442
0.5929476062056279
0.6401148142582282
0.6147907399573364
0.36529787801442054
-0.11713978592253528
-0.3100348897952901
0.14021626114744778
-0.3658531192267712
-0.14617419866283396
-0.16373134135522194
-1.5244890343128243
-1.4328012989570833
-2.2621056293863626
-2.6006112448694947
-2.5188628559876975
-2.84930445948143
-2.048039516750903
-0.36631427528014715
0.29656994959125144
0.358690419611417
0.4979306217484481
0.46965727981338634
0.40108132579838107
0.6494049151789177
0.7436661373066032
0.5515075060768896
0.34821595652802284
0.3446344483188737
0.14399285029744596
0.4219895453207058
-0.08212906986556183
-0.17638098719184284
0.38616163425236466
0.4332237220845036
0.22464509584699774
-0.5961132809179512
-0.15368735996559263
0.12662441979998607
0.43677495529633414
0.5381543159027223
0.636120789073018
0.701758460497938
0.5996018162289586
0.5808450618094614
0.5700304156391741
0.5265687277724403
0.11249498123448672
0.2864665154773088
0.4706999801193522
-0.2474731520041134
0.061177751783660465
-0.11035755344483514
0.1007265401073792
-0.6108400057089555
-0.10883039826534495
-0.045622422094076444
-0.5641895907985667
-0.2815758442140102
-1.2492220306650565
-1.625077398405514
-1.2936274839392716
-1.770797065642777
-1.3750495293528975
-1.4105887221024536
-2.476417244804242
-2.5994455924156923
-2.600519934483432
-2.973753296950722
-1.6885520210430154
-0.3767300493878985
0.30724605985365555
-1.373896318703985
-0.3020841695046114
-1.474926069349692
-1.8213681859801218
-0.4530499214968498
-1.8303869564411028
-1.2221106298498674
-0.33079103750549926
0.295293141111464
-0.05833209568299525
-0.43361719286599865
-0.2876665654035383
-1.1629509209894218
-1.1100307620599803
-0.8261311054337975
-0.46478272683518557
-0.7355783122700766
-0.293680972550918
-0.011383631359045718
0.10236574096641118
0.02667972581202282
0.3640301898434438
0.5808904586649255
0.6198028022413767
0.29694028547107015
0.24689248687090304
-0.07002623228166133
-0.13324109434263712
0.2974939973513971
0.010051093331879698
-1.7574835878329347
-1.892246321670806
-1.0299160367256224
-0.029639488382202133
-0.2808054128071446
-0.2908829206338619
0.4009672106279079
0.3939061092842797
0.4096346291568794
0.6265188578414026
0.48998504343320437
-0.4817101898307423
-1.348479640007832
-0.3029518150400386
0.21731983652551298
-0.8737237290953599
-0.7788023142432945
-1.203413622025312
-1.9428133880165832
-1.9725640035445053
-1.182871409208035
-1.232395025561528
-1.1681295804296339
-0.9663926574456179
-0.40781615725540343
-0.13693191744257224
0.22823165227573106
-0.30316423519346675
-0.500591352939604
-1.1431882131118662
-0.6790290824454656
-1.1112125491937703
0.07840611026253493
-0.10104144405072703
-0.5769496935793985
0.1169304693691007
-1.1162643017407896
-0.11664103549831907
0.5151585919121356
-0.7023755024414265
-1.0023182335294747
-0.4353177284174081
-0.11127883860413845
-0.530218341223455
-1.512932409359349
-0.9786085535015154
-0.42678913110085936
-0.6484186328268294
-0.5155178930786928
-0.45613696968925643
-1.4330801686600236
-1.939678932757526
-2.5808648485073356
-0.6625312785202092
0.07636990510169994
0.4091528165457921
0.7311783317963965
0.21918292191472172
-1.0580275397662784
-2.068397682770036
-2.200225242044559
-3.047068622786849
-1.396220124630206
-1.0745217858643394
-0.8928172388400494
-1.285159280292754
-0.9981347645927744
-1.614956278129569
-1.0278157063878681
-1.7201253565564547
-1.3973230037977815
-0.11574962878125575
0.3815886908843199
0.08646253942184655
-0.11001586672052155
0.4491453863526131
-0.4779401594039462
-0.017372674159293434
0.05456097763182729
-0.40887651370638894
-0.9059400603149343
-1.2540603447914098
-2.4231425983603936
-2.0677135189604585
-2.1805257896587595
-2.3501210577844875
-1.8093365557038135
-1.0333418130725815
-0.7291737556277933
-0.4605034112150283
-0.781383722530551
-0.5315664282053305
0.050556942707903264
0.024141207452274372
-0.9142103904884079
-0.9975767717905535
-1.3864165065787835
-1.8348598703185932
-0.5860482884883879
-1.0743130272432937
-1.6219839258488533
-1.2241324996037157
-1.7662872801229768
-2.0951062041622177
-2.0187822495207706
-1.4443036163691905
-1.1037145094880743
-1.4071346055786336
-2.0384684920461664
-1.9357514987923063
-0.8407482855768723
-0.5053847298699701
-0.4794944838380099
-0.7471232551707052
-1.7330276267352183
-0.3008148217665039
-0.12496837504808388
-0.02914772608124686
0.018180190128453316
0.01731224676050249
0.4180338914704408
0.7510078287718667
0.136141600515482
0.63600005977375
1.0480458741727052
0.9275408594023611
1.336764381831138
1.6248857002853467
1.5631567181680117
1.1048955611264988
1.1331323012987322
0.023905693960561265
0.6418832348821569
-0.12795783698740595
0.6466818509095528
0.08512953039323161
0.3914358384600406
0.6274141054147028
1.127457084813684
0.856492214664429
0.46478402671871233
0.29688602165529343
-0.5714518509041425
-0.049250306569584006
0.6965012613836754
0.13645398831248617
0.49224088613419525
0.13319470786532978
0.42120321285684537
0.8787331011065003
0.8364494835009986
0.7921442943916215
0.8608132089962907
0.7207645417559064
0.9217449271494944
0.5153354492117213
0.9085504382418945
0.9810098227499123
0.7857250100308916
-0.6373001980416847
-1.0989182121372412
-1.7496674579570113
-0.43001332354574245
-0.6607586472389189
-0.3852885717626089
0.4734840697066793
0.5905019708772334
0.5121535514034014
0.7093115219488367
0.5173655201232175
1.2092467524083135
1.0891646660824648
0.6825706243112205
1.1467119003013355
0.7384671506627153
0.8762322836875256
0.9584818534556552
1.118837896788156
0.8827017011379124
0.6513723062871988
0.8197296663977085
-0.48565585921921295
0.4113460580922981
0.7341793420422633
0.8492961426294056
0.5541888308380093
0.5341600061370034
0.42016703450601856
0.5051792733492447
0.5947722836980418
0.7444342331488428
0.5268927944698388
1.045218033774347
1.0963732060308762
-0.17540999763668433
0.624088295074064
-0.9699694157622385
-0.19039553814128932
0.4601035061757179
0.9327163938989363
0.8315227093956754
1.0730168496348533
1.047985722071968
0.40111387795653636
0.6624558099972097
1.3282235739673791
1.3328622484129635
0.7896842842104377
-0.09329194970855688
-0.48975797512194996
-1.71727853913023
-2.0747013841615134
-0.26379724672063554
0.865263452849695
0.79858829981524
-0.7329782933487522
-2.092933990951163
-1.8091804690769877
-0.5979334136106452
-0.4709548804350402
-0.4916399317554491
-0.3745523015913984
-0.4328275751679187
-0.1936300116342362
0.4622837785706558
0.3582559608245421
0.45978527672978137
0.5734177490612723
0.6461168291233574
0.9373021364876175
0.5791032247266196
0.9310588856799543
1.2560453498052568
1.1571915053175101
1.0781430443463795
1.4431470838974294
1.5020116492300333
1.3291498774716253
0.04672051916218218
0.22112775854704064
0.23132831333132153
-1.1191128174851714
-1.8759100263205823
-2.7331796615898996
-3.3491600672305757
-0.9551227778696825
0.30618777284401244
0.7817203613482719
0.8193032196575689
1.1148486033215625
1.08136209943303
1.0420452552319477
1.0115565178711023
0.8102038911784426
1.1027926585609782
0.946910227049177
0.3599560047216047
-0.05103483895375821
-1.0562186193162684
-1.6386150513918858
-2.0819362029254593
-1.8661905154487088
-1.2012482231586523
-0.9152501174582792
-0.8020180167860219
-1.909819903855776
-0.9150945351755725
-0.0006098699819410859
0.3567920211391161
0.9045045526841403
0.5406245727243287
0.22201618628820047
0.38557236182277604
-0.05710454452516082
-0.15677553376853917
0.3266312909500199
0.604556828603827
0.6881193081673942
0.6777909503818786
0.157286309747564
-0.6464038848489732
0.7076633740452041
0.9703383336769308
1.2505233034626482
1.4061217945477422
1.5699764100950035
1.5460430384941517
1.6070700054808107
1.5662497484189248
1.6255480346622413
1.5229858771271303
1.5968640337311213
1.5367512882728391
1.7451265552859427
1.5537288365326258
1.6947211485843294
1.7521036944525405
1.9238585184666388
1.6037992543715252
1.903731404472815
1.9407991996881324
1.851483055493361
1.4948695426778436
1.6949333023928992
1.5435393927387773
1.2490808019120931
1.5823760713526653
1.480307700309899
1.668687374856147
1.7481478450701393
1.8448027137896006
1.6042155665334275
1.9704689914183733
1.4949998237099618
0.9868565310140381
-0.08695845528428928
-1.8423785168049436
-2.532638749996594
-2.010194636159079
-2.8988735148643845
0.25957215643346165
0.8831690538128407
0.7830294774944956
0.4772166033590726
0.7369887876579764
0.8831925387128257
0.6279770855961108
0.9710187663827453
0.0733321754474154
0.38711567884861
-0.05431595257634412
0.269221458170078
0.5971873964103859
-0.24610955804399312
-0.6113762910153265
0.09547384954838904
0.8919824723858881
1.0687733202668592
0.3062600824163585
0.6878012452001325
0.6148489874545461
1.1604776850808924
1.106020246221242
1.304690286334927
1.3354717315496676
0.6399839033775166
1.208584252003717
1.5251581100514582
1.403700087188657
1.1232515696906424
0.9514692635828804
0.9349549248990376
1.0895782091244801
1.1022960239845834
1.1363002323811497
1.157967060150954
1.100052060058141
1.2473372935724298
1.374691277124732
1.343183044446197
0.6524849074598863
0.8671300363739275
1.194072099817696
-1.48865759382102
-1.545689527708689
-1.0578343999558937
-0.3421696898672412
-0.8710037887264325
0.16071110527120264
0.43783721283885546
0.2184037652407236
1.0095477594751103
0.8643547607237572
1.193452349209093
1.427503159895759
1.4674648188752337
0.9286125767907223
0.5917523435697228
0.5778109462177898
-0.9309530551264882
-1.6782486197541695
-2.3954992181058867
-1.9477748778917348
0.10975941713977103
-1.8037980778610143
-2.0547896802765933
-0.5410222995834137
-0.5678401403890392
-1.3291568915383043
-3.0807826922448074
-1.9744789720030818
-0.848973757409054
-0.5971192897352456
-0.06284432121164178
0.11559949285421456
-0.3190985503594051
-0.6874271162465437
-0.9122998676653002
0.0025894542859828634
0.5336338595708022
0.8672563310047126
1.0622540880747882
0.9935917788787958
1.0772220411821414
0.9974192026421268
1.0639120266905346
0.3178415103917442
0.5863758780693641
-0.30903038238249547
0.4049063275994227
0.4928597387663905
0.32771981861350913
0.6669170686993524
1.0022300650299107
1.033211031557229
0.4485504115243426
0.9725221337727231
0.829121805680403
0.8268533758252896
0.17310021886846755
0.2886298350882259
0.2156904763458618
0.17257587318168727
0.10540373562563202
-1.3532623669931154
-0.8946458665667789
-1.8047930387802271
-2.4502663144121506
-1.1710066948329154
-0.7502684587916029
-0.676911703345386
-2.5163537456471174
-0.6554487806286006
-1.0658163920193815
-2.453703058480852
-0.3501433649073476
-0.05260107758700112
-0.3500588114558995
-0.35457717613891615
-1.0996617373385322
-0.8881402681404439
0.17091888604530528
-0.9379709754613961
-1.261822680922497
-2.3199701562254207
-1.444715649426873
-1.8491587030303351
-0.5548067511356004
-2.7889881510098955
-0.8664490307484369
-1.8419810369829945
-1.8330990745781466
-0.09518893079153465
0.8448532601747237
1.062649163179176
1.235313016655176
1.0291194120931453
0.9792732310603484
-0.262521729673146
-1.0397067710231072
-0.6063947708845481
0.49038850128331507
0.8505061704011749
0.7587293517067327
-1.1441202183809414
-0.44106931869101546
0.5594256114782212
0.6699932816547015
1.1251422427171909
1.0458609980266966
1.1395866715229406
1.1415174455011519
0.9052297492960939
1.0839455758004692
0.8666025426754632
0.9002179482037113
0.9214636356787492
0.952833261133852
-0.7604923104341808
-0.12146724648303837
0.5416185144795466
0.9272069447815346
0.3214836365892131
-0.6344566296731918
-2.9559720386086954
-1.0662518038137219
0.1949223479362431
-0.510177441910037
0.7595850716297992
0.9655150660531847
0.7102606017840924
0.04957258645698764
-0.10468024107414299
-0.12869790034714532
-0.7034909327893368
0.18691316519418547
0.8073522767781742
0.714928380750398
0.5197340444201588
0.9431886579535415
0.9476765969698434
1.0142620841752807
0.6376018243163486
-0.6273733886504829
-0.1649767749702391
-1.2985316123367885
-2.0760059197187464
-2.3984756666942775
-0.4679356895489299
-1.9345874055142975
-0.12935001888814138
0.5749335593079196
0.8919330570680024
0.9495784035460184
0.6177993030997578
0.773041532247048
-0.2502390182728157
0.7224531437253164
0.8878864537633379
0.4652411997158415
-1.3664214278408713
-0.33937779393073747
0.38393824808852467
0.12075857696809741
-2.3754385172579897
-0.614816182327269
-1.5213188683978802
-0.36217802532696464
0.6155039151928009
1.2394796119772291
1.0844206763501074
0.7949332482655672
-1.1048676771197894
-0.4097299041188025
0.6025318678436447
0.37445960941609774
-2.2303576400159324
-0.029370054105437835
-0.10662180400624657
-0.9310503407411135
0.31596388404818354
0.211598093711281
-1.979705371181782
-2.0196638215307017
-2.965364631253373
-2.212828287112992
-0.8225607065628286
-0.8507426956967868
-0.6024544513198314
-0.5090340898703638
-0.5193841326189678
-0.556861849206444
-0.5484942216647477
-0.1014565629812364
-0.6340015152235925
0.36126363556749563
0.11275195663979597
0.5858206090060614
0.5011748444128191
0.2409954566365149
-0.34029350709139
0.14013750588395374
-0.42221736465856713
-1.524873226425246
-0.20260559958680924
-0.5107633163821993
-0.6574708178283313
-0.10850971118944042
-0.8303194574597769
-0.42309628219936973
0.16189739374435105
0.7211162914097599
0.9986036315594521
1.005681289208985
0.8618964324401392
0.9976930773521625
0.39203566868045076
-0.0788736000720744
-0.10267165198190607
-0.3861486586780901
-0.39107845278423364
0.1304764283435549
0.31872285333971667
0.08260299454500138
-0.39349322056750424
-0.3043920481009536
-2.0157677235044553
-3.0617078117524152
-2.9433205247902317
-2.947911962505193
-2.672974372756155
