0.3640935808309142
0.2205997911495648
-0.05283413424942909
0.13813316320291402
0.2504153379834904
0.2268186868306244
-0.021202799561654564
0.0656879404059915
-0.12861333757210971
0.24526043804681935
-0.6279992679013835
-0.683361088613889
-0.33876949621679814
0.054559787221525546
-0.1216747267385504
0.007909133260351031
0.2278796420858031
0.37548210007688787
0.2719496150169788
0.6327070281288427
0.5388364416245421
0.5729058161408163
0.6861299873261919
0.811780408188852
0.8114008475786971
0.7771931446710205
0.8527374665535874
0.708414876204539
0.47013113365730236
0.2910270205119012
0.2829419819954458
0.5452492368632782
0.4875476848867684
0.49931190166514616
0.5680021790335783
0.35395563182436207
0.610488547148152
0.3602573674618847
0.3563894708729279
0.5146670549703511
0.5064442428833177
0.8521514228950953
0.6059976565192196
0.3159205467423846
0.3046553608571937
-0.04730802635256963
0.3251459455326131
0.4446480824706849
0.5515252288839758
0.45692419757502595
0.19909132455125642
0.21256916372690082
-0.022052324163611428
0.3234258806407095
0.030593619492125235
0.1522321696744939
0.20765411420205612
0.08185511888759771
0.5574145834421411
0.6607275818878575
0.5872243927710676
-0.010642155772335953
-0.04630060481096676
0.048534520980517006
0.15273876073123244
-0.14744661778377355
-0.17385237526165365
-0.5580954178015489
-0.6851056161391771
-0.5644901675257932
-0.27066545628246225
-0.5579552809301742
-0.1340771115227655
-0.06088056280663705
0.36076125204470827
-0.29907557133177093
-0.016319707104945014
0.5407821917372266
0.6584783618202374
0.5326174791834679
0.7086395626458235
0.7691942269303116
0.8091048115732864
0.34696945595528755
0.6981198900947296
0.8699335780266613
1.0502134881008258
0.9761271253094197
0.895032666235589
1.0416834750565664
1.0409734317055452
0.8325638779107769
0.7745653980801945
0.8113551564292947
0.16576651905572856
0.21846530174569878
0.5210287224074588
0.6572603252825999
0.6760893659830736
0.6310309285601909
0.8035486096096607
0.7172165239112136
0.8323972128569654
0.6697284265916308
0.6889894140408002
0.8762872558348023
1.084672808614904
0.9738682162781471
0.930910782206797
0.913415586564895
0.7908265866467434
0.7907049027978945
0.978548985993775
-0.06498771590272365
-0.44356383078349687
-0.5893438474192498
-0.47174154782281713
-0.26625914066067224
-0.12213079594693887
0.043268249342785184
0.31468644910481
-0.06731533619479538
-0.3434913264166334
0.16926783814700957
0.004131119931906662
0.18410567815528633
0.42773956790458106
0.6497575910368467
0.81346850737017
0.5650041236023948
1.1024928568261299
1.1827925721573764
1.2428189173850264
1.1730132322137887
1.1098777807752076
1.1653680463276574
0.897743097596871
0.6132900444325178
1.0417471085865762
0.7580904069782439
0.9491089363524852
-0.7877847997952769
-1.2140554222631117
0.38118810339077913
0.7140627301692843
-1.1669172763714335
0.5952438187846574
0.3469664790060781
0.5593966030241411
-1.823551472984528
-2.798946144229948
-1.4453589699207587
-0.9475629535876113
-2.168465270854589
-2.31953083354924
-2.986516975554866
-2.117124292483017
-2.0145563131299324
-1.9477466629249731
-2.5298237635949548
-4.169746303248661
-1.9808099025184607
-0.2673035048590959
0.2649857184425841
0.01575310814643581
0.22600637934245757
0.6494505583532548
0.5591126201630949
0.9525093049137634
0.8965095621051411
0.9740069152605606
0.962521618427465
0.4557586051853882
1.167881866576673
1.0730036096399265
0.8935483204534649
1.0734169395393305
1.242121591660145
0.7748418798264864
1.038970148880922
0.6913325208722532
1.110968893528245
1.1414362411620524
0.24122484569826108
0.6902198984131602
0.8711124047885368
0.9051329570730291
0.3204666044091475
0.5565305391714628
0.658729422060679
0.6722110280243516
0.9428844031056973
0.8441899779343986
0.5068374996909699
0.6040528772441547
0.21139556539510265
-0.08228046982696462
0.2087716002673402
-1.0389744471732458
0.12294955440851468
-0.22821731897390585
0.05049964813600288
0.18703464164561331
-0.2635461676062464
-0.6380737945629016
-0.06931194698121178
-0.44305974995846337
-0.23074773335255905
-0.7630280851808047
-1.3570501041574485
-2.991100582524327
-1.3557619016761526
-0.2541663113603781
0.337990217307287
-0.16051227130529144
0.27575292359245784
0.45535100829938785
0.37572829888198384
0.49685681941234977
0.5336862852917187
0.6245922728212994
0.7997331781997103
-0.14092576947014712
-2.2902798010170713
-0.7478415058146832
0.5879849244228366
0.4122940339905294
0.958244481436259
0.4806073712636721
0.0006541770450428641
-0.019082162670350525
-0.7643310195610469
-1.9703362437398688
-1.8869012831216558
-1.0432891930723505
-0.4080128485370794
-0.715914439494894
-0.13416399695518777
-0.02874202105101202
0.0928712291970066
0.4551388576824404
0.573726630635397
-0.6117961837676005
-1.916078199180685
-2.3938083512381705
-1.1051367686691207
-0.8932113527310843
-0.2633403152220524
-0.5036275256117748
-0.17591259962730332
0.3301505265283698
0.5058821786906403
0.027469021110718334
0.1734145615003577
-0.8513723108841107
-0.14432874146526478
0.2939670267748006
0.33992322187844903
-0.5158182514624599
0.05443206088408124
0.292952689216874
0.3350830631034711
0.6742805351113677
0.1291252990548617
-0.24308621570341277
0.8066983544296691
1.0220514525623277
0.5361197071513621
0.35153617665442344
-0.2308425271625315
0.503678646037623
-0.10507414861970252
0.15861162417622213
-0.041831856743440185
-0.08578119035163356
-0.4314167649960629
0.06332195047225045
-0.546366547716985
-0.6181040138474145
-0.9256429357861966
-0.39709924958240383
-0.7738907330080664
-0.7227973451384746
-0.9589250545664534
-0.5464534584915575
-1.0951300872907959
-0.2886911187057269
-0.166912291987218
-0.09771279067349162
-1.3876136776566692
-0.38711647674833066
-0.6139854536880316
0.2655700584619598
0.5424344432634147
0.06817851808698736
0.31117706770527637
0.3487371811523516
0.6981816482965599
0.7659748077096529
0.7972003195038693
0.5521304087160062
0.6392268000811445
0.17379500464104564
-0.7514827665859456
-1.3501701203074974
-2.1527209917271257
-1.1945569333739048
-2.3705169188560147
-0.27136218742808255
-2.5846846077733705
-1.6725339740385572
-0.1886571047615755
-0.48244709071429775
-0.05687074850378286
0.27486836215240384
0.3326032881288933
0.6427824010126015
0.7018844962714221
0.6372669081233737
0.3867467237399653
0.345362717210001
0.4771092433753086
0.7250578968289967
0.9219036218245273
1.1564912753615877
0.4141024192111857
-2.3122791058440404
-0.3457326097054277
-0.0014203002824385302
-2.8273368665360463
-0.11701780497893544
0.3846810096540449
0.2392274337825318
0.2271290605924422
0.0043077705594780635
-0.20578673143197607
0.08499007871191376
0.3647064542949805
0.4764427272708398
0.40604539787829047
0.22364337796299
0.1381730172304344
0.529679475761828
0.8705497332198766
0.6280327156474321
0.7874187302653659
0.94794045075171
0.5375805736587422
0.6268676457436764
0.3070777166595029
0.4366263306333153
0.2334332730567374
0.3775599172117842
0.6447673747761662
-0.5683783459857994
-0.45909390695942753
0.15521285228456688
-0.5936145904982277
-0.1540359586591068
0.9692760481237932
0.8833300899490988
-0.3239485496155801
0.2850539636651434
0.7324723718469761
0.2854335600795672
0.7385866637200553
0.6766541506854815
0.5304788084090857
0.11247724694707953
0.879750480255657
1.5953574540669038
0.25762610130433417
0.3559570703569527
0.8709158486861952
0.8223533095690543
0.9983962355481506
0.8826005329524795
1.0696376318250946
0.8828720964532624
0.29993727069731924
-0.12733437175744014
0.36175999032067363
0.5940915357391741
0.7624969526447973
0.7548629642993803
0.24983517925958662
0.7149755858025
1.0681674808894548
0.5622943053295055
0.8283325380129725
0.9248080522603277
0.5012602852056736
0.5799418045435585
0.5017577795230719
0.7053831221804991
-0.16176782161513104
0.3580257404758243
0.8446279972761421
0.8499320282788188
0.5336263055961709
0.017402390583141233
-0.6404375091392445
-0.23820226600927014
0.22834557214339954
0.7592638337123814
-0.16748258059877769
0.06848619345182867
0.14145558852002504
-0.20998745656027532
-1.703565427932035
-1.6768328137037103
-0.4479075348099025
-0.08507903158048405
0.3070308161326591
-0.0927403641879663
-0.6693882311718513
-0.28387023000301576
-0.037463041822465
-0.16178843369004917
-1.6684814300366007
-0.2534887240069259
0.2544823132389966
-0.0052155837077819955
-1.2005008890285718
-1.278006959345777
-1.2116388388331782
-0.9880516950464364
-0.6352858447350602
-1.2037203791450914
-2.2169633544475413
-2.5139311608175032
-2.4712119529486234
-2.0328646950471234
-0.673702994012777
-0.39909656212859773
-0.020358157027157847
-0.18201321883995053
-0.27158576356468556
-1.176234686894699
-0.5628555159823718
0.052357498661205884
-0.747805097622801
-0.7611948490049403
-0.2136989468158633
-0.07921344537038724
0.5693306648518315
0.24707315338193928
-0.49019699886788465
-0.11521986515464758
0.2677884927868249
0.5898455947028722
0.5383125162600706
0.6485192414837573
0.6222081329688982
0.6211891962725904
0.6647911695758821
0.45851250632253365
0.8080529754413006
0.6334437788087415
0.2791960819581636
-1.0319650275561367
-1.782397992588653
-1.2105833347258503
-1.0840187862283461
-1.4965659252585222
-1.0445022159387458
-0.10701281719845213
-0.7465204114722577
-0.4927561227660639
-0.468382636668819
-0.43308292296384804
-2.2136104905505665
-1.176262614641815
-0.47058459515316037
-0.08912515863579897
-0.24924964975458935
-1.2576469950799805
-1.4955470052717499
-1.4484256712688526
-2.368687208116109
-2.701450364174193
-1.6934891041569757
-2.5206228002853575
-3.476748730134827
-1.0810297996963478
0.442430767380991
0.5045441573233204
0.21787775995337785
-0.05445883295827082
0.4527073472575821
0.13782093971300785
0.17485190352303054
0.6954185017398395
0.5549123911715363
0.6660553234822049
0.7955340885935298
0.6155811423207149
0.7788264334895083
0.5960259442557674
0.5714680103565424
0.7151244158397205
0.33493748983706745
-1.3697492650274654
-0.9323544762802605
-0.2935396692262377
0.05826678521154341
-0.031011957620818265
-1.0843178910423499
-0.777019267968756
0.5202435948589006
-0.20047507274516949
0.6155519194821311
0.7839824445969292
-0.28985117386575493
0.75618003933172
0.8821516939715928
0.9905888918322803
1.1813477897253208
1.0487312868002485
0.950210903523683
0.8983894991793744
0.9376890527913744
0.5542803795032736
-0.1430796631557903
-1.808061740452135
-0.9761010183699039
0.3717871677322696
0.7133307390889985
-1.44739143613
-0.8896447065593445
-0.3238870440284845
0.1677324941172026
0.5762624376821659
0.46376124952542647
-1.4078688489123923
-2.5137042214584695
-0.39395457381894994
-1.6975773059784194
-1.0586130673961065
-1.9107922496066527
-3.2567564948217655
-0.7900814264437346
-0.32272373042432667
-0.8211455914636498
-0.006437599293323319
0.5187360100362326
0.5025598770469752
0.10215401454919698
0.5386286670258298
0.4906120970104041
-0.9736906556214755
-0.25377561688369227
0.033124732396567075
-0.12159528293189759
-0.6724236794262977
-2.401078064339338
-3.6647196585434125
-2.176389781330346
-1.7068994787164096
-0.5302278558702185
-0.254879469597227
-0.5077933353438231
-2.279515265302402
-1.2557936094301225
-0.23221235838378318
-0.009587446960111441
0.395601818239063
0.46151859503174963
0.12925933902959028
-0.599363970890813
-0.9365327966865764
0.44216934979457656
0.6632556412463628
0.40666503809420845
0.6692036544521736
0.22691994720362557
0.3812684908978053
0.3081492493132028
0.16684710127501245
-0.030737628303385972
-0.4622966952056949
-1.784344530258397
-2.530741483706014
-3.96267503471586
-2.499936131725387
-1.0475237345501829
-1.0656042012772635
-2.1964243551518243
-2.5269731709822048
-1.2528307478278966
-2.073506913814018
-3.4246946774778433
-2.204382839934523
-2.6084429768030457
-1.814058305007687
0.2863886053716787
-0.47460707496087245
-0.45748321839484807
-0.22829872388307504
-0.8535074103885221
0.412327190463638
0.08139553906306883
0.4285695703239969
0.8768169693008663
0.9529281372283438
0.23838429693257168
-0.2114061482587941
-1.0254933587343595
-0.21426399086672454
0.21365198494274784
0.3871190139801065
0.14190753052625316
-0.4639759717828141
-1.3944330237958535
-2.3105843302525413
-0.9919345474389756
-0.8412076467761533
-0.8646015252273522
-0.7106157712850862
-1.5189535921212758
-2.889011752529306
-4.082772803010278
-1.2371711118582858
-0.4916073691927218
-0.4710353608220667
-1.7345730468879397
-1.1709774284767844
-2.065807102931979
-1.8484452953455426
-2.040100135484462
-0.8330032146313364
-1.1230207027805394
-1.7125738183363612
-1.6824849840841887
-2.1777267454278917
-0.41850425231766925
0.13613133343920064
0.48115231165998923
0.45361089891904655
0.43835698431805215
0.5214682700388762
0.5429394705212323
0.34660801941894487
0.47962703170867266
-0.5670848946427656
-2.824285046655875
-1.515864443650623
-0.467527443504184
-0.8843215041850849
-0.6573731002758965
-0.7757266795056887
-0.04133030935416357
-0.8591100937302543
-0.6487889131790305
-1.0734102111613084
-2.2185693084166553
-3.2409177614940807
-3.1441821915549992
-2.261051671977765
-0.5898286815543614
-0.3108092096707035
0.24644797931169493
0.0769042649223643
0.18571905088083715
0.43190824493328606
-0.296805635687634
0.1836936421295788
-0.02461199782077026
0.4691058875809741
0.21514540262311588
0.6905652784436735
0.06558116741608003
0.5755108845089327
0.5749989228724632
0.03161094964362709
0.3558844891387802
0.4921027368418591
0.6059213513737858
-0.5130280771338718
-0.023348218305435986
0.26985261012911355
0.3970018579457677
0.659383094901681
0.6309954511493154
0.2936857241852982
-0.06797416201243205
-0.5733922049384363
-0.4250628919662175
-0.2594805555426672
-0.24768215213408779
0.4000793540649673
0.3949017305657265
-0.1151561295854813
-0.38974237411570956
-1.9735299402175515
0.051505794046230235
-0.1540745061693057
0.30589478308121865
0.27541027050427536
0.1434424278429174
-0.4820948139899894
-0.6986367955307893
-0.8210770992832908
-0.13200523202137832
-0.24158500008173428
-0.11104562180071828
0.1787093262284673
0.5134466691324809
0.43752180702457927
0.3983287482428951
0.48706909941609433
0.19622824265560374
0.2731599255212821
0.15481005897216013
0.3477060161568218
0.4233713469375876
0.6427817969408152
0.22409011531517925
-0.19862416710391814
0.2697222864452389
0.39685071959406876
0.29969935210210025
0.20967422881963643
0.0259548953361234
0.436005382842918
-0.08440325782550762
0.144587310196731
0.25641817163098746
0.2464697038685253
-0.6020357009165853
-0.27141196044452354
-0.10371442532570929
0.1140915918721301
0.17761904819318647
0.23520843295084404
0.02086959925878129
-0.012322864184552418
-0.11275783383862084
-0.4036484256292046
-0.5958998531806627
-0.3711862819157234
-1.0835713659991149
-0.05215216259618896
0.5830638147756273
0.42841650183735225
-0.2814738473603851
-0.6849868910804049
-1.4097141129087876
-0.44642956418752555
-0.07692571847414953
0.07200979391031502
-0.032576151203099465
0.18216514192718292
-0.3972201803054401
-2.095020391245129
-1.8767397886934096
-0.3451594629256268
0.17897668008418216
0.06743211002130424
0.4280581039153695
0.12112207852767115
-0.13749929484978932
-0.08083034536703917
0.11058392568089713
0.2073681475164878
0.17256825058238312
-0.36782689447692624
-1.2291775599545918
-0.2046019183641241
-0.1543019562023881
0.1483853928005822
0.12290824750865297
-0.3267324415443094
0.09218436485483353
-0.18993310907105385
-1.9183934025372418
-2.375514357605707
-1.4767370673384568
-0.05298061082726091
0.11859241948547852
-0.19202730944257043
0.32191062419184047
0.6063623401180602
0.6167212620523363
0.19512872806550585
-0.30724548874167645
-0.6080910676165949
-0.3364127774519557
-0.8583667220281637
-2.643172534641741
-1.7201149454118552
-1.0583388187673703
-1.2715314804945275
-1.961771571498572
-3.116735300972173
-2.1520431829632436
-2.519754260049535
-2.7516773187142376
-1.033406435006242
0.04683508637352074
0.37124464099184035
0.3307609378914292
0.4717340506678653
0.3302840093145229
0.30083354244852634
-0.5547991482271439
-0.7458108177663465
0.001436925764645977
-0.08188432882528565
-0.5805310398732155
-1.9189447559109887
-1.2858227505750108
0.09930278205226878
0.39918297286378635
0.6924551896318492
0.7215028632196394
0.381932683050151
0.6471957309252125
0.8081156565661654
1.0060648117987383
0.8014626993300831
0.5886536632129304
0.8178099069590388
0.9023454527410542
0.8115654959603993
0.2757104943566765
0.4413336143409261
0.6987319776876249
0.6646483950003625
0.6762017616295968
0.4850710537302413
0.3733545174732642
0.6389151370407691
0.6392985538514397
0.4396418821118897
0.6402595526281576
0.1527036696011813
0.34412316650443864
0.33002387639230746
0.09733012097392842
0.4011428093377447
0.6825447095242712
0.6559434326062605
0.205292346142841
-0.0021478431432543146
-0.049519742543025866
-0.8207639529455371
-2.086134434002976
-3.0650941933291445
-1.3031594949311227
-1.2948525616225917
-3.2186133783957103
-3.8599644602150116
-0.7494624443496283
0.28253854601421435
-0.12588766791895556
0.12815889261766372
0.30772563587650315
0.33030124442665265
0.31638573336205017
-0.8935520034471105
-0.6519419091336593
-0.16989258142171362
-0.09219216607752401
-0.1521606823892187
-0.20808801541240649
-0.6543671451795545
-0.007737292016224473
0.071505089947412
-0.7634352562379227
-2.0515988922051505
-1.0059346847495279
0.2121259487101524
0.08955600246988363
0.2829127842454072
0.5094307933298532
0.6734834812667363
0.21805145576440024
-0.9519286075039657
-0.5050637592900133
0.010736403991308707
-1.086997061468518
-0.23711394561877225
0.289662842748535
0.04871909509939383
0.3777637569680925
0.3252195394450633
0.43597990243802476
0.4595193067930862
0.5129748600811215
0.31125367421614347
0.011662615140254406
0.3942385879821257
0.005233128795801387
0.22119569046723303
-0.047301895958376736
0.3059709400798771
0.20518371423121815
-1.3885536627451218
-2.6076218285014736
-2.6540060400157253
-0.8265807725238985
-1.4815791131496785
-0.17513854307399976
-0.10672370241660248
0.34869411391799787
0.010146061449917296
0.30429333048882534
-0.10875211504290797
0.10287568402114854
0.20907475863445366
0.13758625496497578
-0.7777351620053432
-0.2930987304619208
-0.36609227625287005
-1.0624738688047872
-2.524082698563892
-0.968643626337975
-0.05205124987758278
-0.7423394724483126
-0.5659749351279371
-1.8753564543205286
-2.620894185421356
-1.706255764939719
-0.30348998663202226
-0.26880847481360276
-0.030703698949638952
-0.5066094080168875
-0.5818612784744082
-0.1153428274898956
0.02714837373083087
0.18394103258891042
0.3937138759113626
-1.21808473225723
-0.43471941185398255
0.20752496332773201
0.2266779587654274
0.3852104034385048
-0.18806903115276635
-0.6556065260366872
-0.8689569463004141
-0.9956201247371261
-0.8942912410899635
-0.5513602192196394
-0.18474068243883038
-0.41320982058915806
-0.05681567609992719
-0.015730139466971417
0.43640799738346214
0.8456615341628495
0.8032136232084635
0.8498962453181944
0.7733695222561179
0.8743880373261637
0.7566936674556302
0.2557176849714932
-0.05670613786278962
0.07621280944103016
-0.36794083713576226
0.11765820973170873
0.011632981466648425
0.27914259059228513
0.61145690993694
0.43993206807576307
-0.9238032207835349
-1.8190385585850208
-0.0012149618383587302
-0.8672716931183719
-1.3095166828383604
-0.4845237539487704
-0.984265957518071
-0.7347290459582396
-0.149253351862856
-0.14292136201163133
-0.38031952074892145
-0.8983330270965681
-1.3066790947032676
-0.7454848342731306
-1.7483879317235849
-3.152597760323075
-1.7726650724281399
0.03228142007652973
0.37056210627008823
0.33025123811594126
0.3985693758685325
0.5533957628699011
0.7338278514138556
0.7041573542239772
0.020797640622820912
-1.2815802027649013
-0.08103046700617765
0.4620711786240269
0.33731889456558645
0.19242797828808247
-0.7092194364769864
-0.308635591266087
-0.22500543657237332
0.2882890146618199
0.5562931296782574
0.2808086855388765
0.6835221904241005
0.51702111777945
0.4189298605246052
-0.17100597978627455
-0.7779552271509227
-0.6943449099935839
-0.7409358214076895
-0.030721166139051403
0.128302777925224
0.46579975389491396
0.17655433076373592
0.6048601575020516
0.8227902925163657
0.9693606285885505
0.8999796332492798
0.980957686774089
1.089907686391933
-0.21248450640328045
0.6904573821127205
0.8331905434345444
0.7180798998083397
0.5398906871222569
0.26615234592266157
0.45157910845380284
0.2903152648954231
0.047472198782308045
-0.24077920977028383
-0.04266305294342784
-2.5481946853974287
-1.7476336870443536
-0.05823787739223163
-0.14519346426437102
0.27919762634471346
0.5439539525078301
0.6952617591133909
-0.6749638551576844
-3.060580861885353
-1.074288598239074
-1.4341852248979505
-1.811120445856348
-0.5028617380099518
0.40242127223404
0.7502230846407123
0.6748332704006466
0.4604758174670651
-0.1727850274594372
0.08863860417941262
0.501683310667046
0.4462329870112515
0.3511084292837691
0.7469483958620244
0.8062624594392933
0.5170993752992525
-0.11242393446372362
0.1709612103101355
-0.6667290479842116
0.17721504928969778
0.4451273339874928
0.1928496359809701
-0.500905533667656
0.42652762494084306
0.5458608638998381
0.4203562372630236
-0.3327355639363242
-0.8822132136427683
0.6035401807554286
0.8965772510272607
-0.04985917865722822
-0.49936342098896996
0.3535765240774557
0.5764785973490549
0.7065883912812587
0.6383269579637154
-0.21536128862862075
-0.16490435634740291
0.23425702831216194
0.13961514622225107
-1.6084398132375295
-0.043255167793258054
-0.12555668654030874
0.4529918619073082
0.11140359360914129
-0.5713721608279019
-1.369179454868421
-0.023426916879622534
0.7820389209512957
0.8694613276833207
0.7879294926812244
0.9083000876771985
1.2921363484318196
0.15701152823507483
0.4019503788057324
-0.07910124085293932
0.346421925479112
-0.2005272547495659
0.9636454265703442
0.6684752026214658
-0.36450899205487297
0.16884954608490638
0.32666428007347853
0.2293175852736607
0.5074564477958361
-0.10934382664195344
0.9078041352805686
1.150334592344012
0.21765938603472335
-0.3866692181860577
-0.4796321991893719
-0.9706093606995989
-0.6839590226268206
-0.4386750628193134
-0.04078362756852755
0.17475757478102874
0.37298845232159705
0.3819174773250901
0.3214097024403886
-0.3226991718848959
0.4444269121804612
0.32422057017688427
0.04175747845919417
0.4385523783029724
0.2260364267329772
0.6705686464579146
0.29141375380081364
0.653245046519825
-0.2722605678147188
-0.48508890504708796
0.2881995802287541
0.2247978554031661
0.3565737623013132
-0.29114404250828496
-0.6569161946870956
-0.030379084720294366
0.4359047503311312
0.6264989741149911
0.8429399812469862
0.48110561989460093
0.369323188032448
0.6705200802739384
0.820562032707959
0.9407243875145568
0.9381792446677237
0.6994071983934782
-0.5626383980120391
0.071324192247664
-0.5465337813007156
0.025667009410179496
0.3603981314459372
0.4911744095419151
-0.28836599629869525
-0.9551556022260723
-1.7205451565310452
-0.6305666696191217
0.2041908314776782
0.07609034793741128
0.1865596257573272
0.34631378474196145
-0.21884162854901862
-0.1813456319367037
0.0805730999931523
0.32214433208410126
0.27472063439539707
0.6167141400800078
0.33155884472150043
1.0140887176562474
1.1601168380773283
0.9183400577194518
1.1153129184477328
0.012405197677631208
-0.15749446784365065
-0.15900900140581686
0.015758718840105188
-0.2432126485471856
0.47456710657077983
0.6900182914942481
1.0744634692312995
1.1996120256800074
1.0971187966459621
1.0812298282338604
0.5483242330999742
1.0144396699331604
0.9259847361525764
0.8612514142627925
0.5401476600316697
0.7645985227134906
0.47642375238690177
0.4481507098605441
0.6056093228714909
-0.13765974656938468
0.02141148440041367
0.4092362101463682
-0.13859682271755927
-0.3563372018941909
-0.273420963180675
0.011914930582278285
-0.6560191493752094
-0.17151590740095543
0.06374266963357178
0.3050124603978577
0.2528818128735975
-0.1494396127234629
0.01554509947351139
0.21661725810606858
-0.31565771971581275
-1.1413157772253348
-1.3076789789235466
-0.8190398857980539
-0.48415066897610287
-0.18252649882735494
-0.2176206220792754
-0.34419505458159994
-0.7779437409717229
-0.6327840749648073
-0.24659428516904797
0.08866774019011212
0.26009134217100716
0.47970292871807596
0.2038076563693298
0.2123800437242974
0.12603292447794318
-0.37830346714584845
-0.12972116949427628
-0.4749326681512123
0.5331650946176868
0.6609665350336469
0.6980599927664763
0.824102015738422
0.6971974117917497
0.42628305818128664
0.6376323597652327
0.6948872832261377
0.6923476892066935
0.8553794184752341
0.6674585897417995
0.667550118397763
0.6394289745619133
0.38066423168611835
-0.05268100159319332
-0.16949830886271944
0.13680209052098807
-0.2821635728277751
0.016565445523745774
-0.03943949988127016
-1.6188925702337396
-1.9048438355626098
-2.3922920024009477
-2.885259879347106
-2.772211072459149
-3.2583907551066877
-1.929334505692089
-0.12509216748339475
0.40937239926924174
0.4497912799313016
0.5897740589118847
0.5750967580171913
0.4728786982346749
0.7634971788750886
0.8618946303603925
0.6746799471231864
0.34832552904962477
0.39968866282666576
0.1277135397471373
0.495952774494502
-0.004936955125024456
-0.07641485435458317
0.43129430919986117
0.46840333678046475
0.22931182004100062
-0.6006728923075115
-0.1774418822977687
0.07282261602057469
0.38848554828658866
0.5543938636102335
0.6732444913754805
0.7212532531801936
0.6554398890823503
0.628686110029014
0.6043248791494418
0.5508077354021563
0.15225110307724277
0.2566151546001585
0.49457704821107046
-0.14988414180472198
0.010626546495603281
-0.25233929564018
0.12794668425426015
-0.5284062592098124
-0.13605305936951445
-0.1084761865865036
-0.46182370392176847
-0.286444289950854
-1.2900196130830028
-1.5158096202022704
-1.379745614909635
-1.7385976339641136
-1.4354746580699644
-1.5038043213770806
-2.59423059918692
-2.779439501692133
-2.779342921453336
-3.3778363355956866
-1.6618700096232084
-0.2866634148930395
0.42832609347836587
-1.2032580374873032
-0.28215066425639007
-1.2807182424417929
-1.901806532083332
-0.4162965118208384
-1.711734409267191
-1.1902845588217508
-0.28523256373269446
0.1889584164018947
0.012417613309798403
-0.4332180534887795
-0.21705162275708384
-1.097235895437526
-1.0374859842649211
-0.8500963816845113
-0.4299600973908158
-0.6830413360353464
-0.32021624631162565
-0.033523672769504576
0.165635994987474
0.03542047402063979
0.37448937916964414
0.5828601001385529
0.6431052423314698
0.3055102399275081
0.2207315433266451
-0.0392973680473825
-0.14610219788503168
0.26636689788914647
0.04137958144599632
-1.6838140044867633
-1.9311969942628666
-1.0052796419538848
0.04634188831575048
-0.1949658078334236
-0.3182737939237012
0.45324084850207097
0.4186885296647663
0.3637612821131507
0.6085093611760042
0.5201998231134037
-0.5369617017094901
-1.4939721204450975
-0.3662210444312846
0.3649877720255535
-0.79184413134825
-0.8151976439508684
-1.2699518077206484
-1.971548073611253
-2.0710703084933155
-1.2590839083525098
-1.20812063130726
-1.104202767896461
-0.9428607592681708
-0.40541616351213544
-0.13127534769335214
0.25425109325233414
-0.26858117814011956
-0.4031941248359586
-1.1297894134314261
-0.6972342225433863
-1.1158881135220025
0.11101133526833297
-0.0739708977461282
-0.4583284675788102
0.10672055501029895
-1.1324551976164987
-0.10740358501901845
0.5308299566053505
-0.6854916610105477
-1.024296185746676
-0.45654903038643313
-0.06790618061411757
-0.42640085148489265
-1.3533840409489273
-0.9555330546711365
-0.29725667373594494
-0.6520208508470913
-0.3959504781854517
-0.38834730913980403
-1.5650934722150438
-2.083390333477216
-2.7152216743384483
-0.5686597770102719
0.12130083959469695
0.45415208213414127
0.7948519651348451
0.3059068144368538
-1.0717296695828733
-2.312387121020638
-2.3304844708281274
-3.392822433416187
-1.5752218632268187
-1.0070552596336162
-0.8375305030697728
-1.2058683109281447
-0.9167291017997994
-1.5182726599746226
-0.987257624590858
-1.6644870415194575
-1.458219477773971
-0.1286831776586762
0.3644029887477244
0.13934322769478974
-0.1839239432492435
0.4498109761515391
-0.5446402521065248
-0.06226082285121212
0.08828568200691059
-0.4488398379202368
-0.8327997483514102
-1.3639194714922978
-2.472963664985258
-2.168765998495337
-2.1071111263743716
-2.2790869339515187
-1.7566710991981327
-1.0197597080613807
-0.6853202601445278
-0.4916089877262168
-0.7347468619368402
-0.4091941909332882
0.10047993304623712
0.042522085305522705
-0.9480476937113183
-0.9762874778345223
-1.2993870296284153
-1.7841963564029062
-0.5228654488032964
-0.8799738110680606
-1.4415887699638161
-1.108515580076852
-1.619393089419935
-2.147723350277376
-2.099494420849887
-1.414151252326001
-0.9596440498250851
-1.2469165114693213
-2.153178801495953
-2.0247840943164914
-0.7919012487411143
-0.49812149460801297
-0.5810874105942514
-0.6963345042589335
-1.8099030835624172
-0.3357592858385135
-0.09214537266440409
0.05610709240242917
0.13681807562306122
0.04514981647113536
0.34074467929684316
0.7630084860917072
0.20955874890909096
0.749837018155606
1.0547876313494198
0.9571478004476106
1.5096918212004646
1.686162533911782
1.6079920806872354
1.1717601451866937
1.142460443278826
-0.03742362217688727
0.6057388584438461
-0.21545118635270472
0.6635637834728358
0.0722520210153997
0.35038503214899724
0.6524291845998405
1.152039231344132
0.8338851941613592
0.41438627986969206
0.2099061633423773
-0.5539100564128041
-0.05502221526877235
0.7232918408584708
0.1629710321132479
0.49550771331867083
0.12406460398585281
0.5070995877244766
0.9114092120819148
0.9060549114638059
0.786363281107683
0.8813057898034491
0.6998400590652631
0.9417938658808853
0.4707087946721526
0.8934289796828021
1.04037955439345
0.7644893235883718
-0.7745530800948832
-1.1486925460766313
-1.8740015915814239
-0.5641483343551084
-0.5917021153124489
-0.521631202642636
0.5190773293582284
0.6557886812465858
0.5855793664056042
0.7874445567752391
0.5084309177364732
1.2440229436307795
1.123757486556278
0.6481978710425649
1.1801260744942628
0.7194761740067079
0.9706807590948463
1.1185115955071545
1.1321957333988912
0.890006758259591
0.6936897027355173
0.8256594732972122
-0.3893890270878983
0.36539100950243725
0.7601657307520446
0.9038778067870348
0.5969528253268259
0.49069472775495715
0.3179019133075955
0.3797348976606856
0.5106871349574214
0.7722481349058425
0.3855297111492097
1.032628250175676
1.0790542313805245
-0.2373406116586238
0.5460379544255227
-0.9775254656874008
-0.3427157352052968
0.42625848046055764
0.8473911890787029
0.8022482522281935
1.0499111454983507
1.0035286375292474
0.3852023939040002
0.6238523077644067
1.2873745277152606
1.2390512668095282
0.7525208672583359
-0.2286956463686763
-0.5701315076196836
-1.8711725902764458
-2.2431045075120966
-0.42851299888662786
0.8026122728562157
0.8063567180548541
-0.7591624640546364
-2.242730088599037
-1.8877389984881554
-0.6446987972663452
-0.4688352058557768
-0.2660993882388065
-0.38588726651271393
-0.20791518771405287
-0.19723764584162404
0.4710905942791011
0.4488909863314703
0.4184966531179305
0.657418197085595
0.8190206984364834
1.0706402295022084
0.6756868229608883
1.1694091475884434
1.4272369529230207
1.1804896666227855
1.1387066023118328
1.4414109167215672
1.5082706105111117
1.4536902209589015
0.17104165967931678
0.19973168165317165
0.3771120928212382
-1.2795415957788094
-1.9712681428309864
-2.934640709762771
-3.8752199574924617
-1.0532814617912476
0.29598195729360527
0.9857741776660995
1.0079358879682774
1.3116373850122856
1.3686051260363366
1.1986707587562813
1.088597435089245
0.8039838973764815
1.13567639359495
1.121177332839961
0.45764327555028755
0.011314936830239146
-1.160311677449605
-1.5789358814194336
-2.338044850384831
-1.9886298214217377
-1.3480311493155253
-0.9270366709963858
-0.8844413744347013
-1.9347943284786773
-1.0023143847145353
-0.03161283416017896
0.4419893516096339
1.1528812161166826
0.756345277853858
0.260071566065409
0.5067848623031672
-0.065194289303119
-0.12469019303215173
0.38354546375820653
0.7761631970681766
0.7454114363793631
0.635555635214416
0.239657375240746
-0.6847929129287094
0.83310756225574
1.0478911805878606
1.3741264645317273
1.5727933557334122
1.6739155346457424
1.5790762318023868
1.7042595528634887
1.6375033985592726
1.7188007087599904
1.6336139087994073
1.7702319274820189
1.6987494497087847
1.892231615374984
1.7362436416307627
1.8281623755338385
1.908111326323483
2.1437530878122404
1.7576871817254176
2.1008771147515235
2.179084964403783
1.9901661164841289
1.6273679360976976
1.797126139892602
1.7172140869133534
1.3780635318359447
1.7917473118335647
1.6301663231416366
1.770290931134938
1.8712743283049265
2.0116727240523407
1.7301005801381482
2.167433271323932
1.6542542579349304
0.9195989294850309
-0.1343681899093494
-1.9792746583665903
-2.705816320413807
-2.0515357895122173
-3.2088211798446373
0.1752113524365685
1.1064129694410956
0.9214218272026922
0.6267038806504575
0.9303039443775019
1.0213062406367868
0.8227986528567532
1.053660302665626
0.277570328330719
0.47541357794949063
0.01937460498341628
0.31972000964813146
0.7796682396842498
-0.17848050433714457
-0.5958218487220512
0.15988042152199247
0.8047701489247068
1.135349436895814
0.5190602123334902
0.7188687589097644
0.6626344256380499
1.2398664715430066
1.1882343765522616
1.4739693395339735
1.428578927675238
0.6771941877667795
1.2604470673392634
1.7460229279704924
1.4842497539035777
1.1675164621602085
1.0275438855911436
1.024770306924257
1.269186033125124
1.1709075536997688
1.2680006466140326
1.3630406787145959
1.1637112238750553
1.3753270858311082
1.503296107813488
1.5351179402438093
0.817113796903119
0.7896997143443838
1.2771760406720392
-1.3628455740266323
-1.6352008728925915
-1.0856148762220637
-0.3263854641664859
-0.8237289620043755
0.12185203004357249
0.550018685476908
0.1720295677614927
1.2858756481162112
0.9210015436840568
1.3616191442717562
1.5629466899821602
1.6512654284690604
0.8480982026168222
0.4929437832126294
0.4707364223662122
-0.9958958711995041
-1.7281391703832356
-2.4459332455973315
-1.992468289858992
0.009548398383078749
-1.671264855981252
-2.2350197728341734
-0.5150336654081038
-0.4858897214736874
-1.3281615083274423
-3.4733223135930653
-2.148703495729653
-0.913439770914483
-0.5572580246130525
0.014492354135227661
0.2326267248563031
-0.19609890237998961
-0.6410252608106042
-0.9591264047924459
0.06212517837250256
0.5603853946792257
0.9210247169544672
1.187223281550035
1.046626357586332
1.1793286064152666
1.0491038696869528
1.1093746934984843
0.3759085508931603
0.6354561529168901
-0.3872575360469176
0.37129610274448066
0.5146682013870537
0.2661235274595153
0.7322926016760354
1.0002859799180814
1.0949502065424612
0.4842539538727813
1.0347979685714246
0.8274568779729832
0.8260813917218663
0.08374059014917029
0.297825558629928
0.18451788679019993
0.06624285232026217
-0.044546283812155474
-1.5269475878729453
-0.9785132209850755
-1.7329857820137382
-2.640006218805203
-1.239531447862179
-0.8098076183610257
-0.7203511238248326
-2.791067959443973
-0.8492158873698865
-1.1662787996754567
-2.647099882478157
-0.4714953478007902
-0.21917574449355737
-0.38850083146154973
-0.4225727494945842
-1.3383929499218936
-1.0140179509261138
0.14614529840533552
-0.9253032688358129
-1.4050324738299529
-2.4131554945343985
-1.699482252967313
-1.954975472489656
-0.6682255536406381
-3.1038289052155745
-1.1081438394596952
-1.8788234528101402
-1.9544409604772395
-0.05074722720666158
0.9898377845519086
1.1689413021346855
1.3847865687795669
1.0664348144915239
1.0017759583871555
-0.23653504563970235
-1.1291586738419317
-0.6593006347535053
0.5805665779710893
1.0829993196094347
0.8837417185619716
-1.1462674016388608
-0.5195460362063582
0.5770026360041409
0.7825053579865024
1.1579461048855906
1.1039143082935379
1.2045915675079886
1.2176363515142214
0.9374150614542407
1.1292634157263775
0.7586756235617713
0.9323195921344214
0.9944296620815103
1.005028412763131
-0.8641152307642657
-0.09566298453607552
0.6363992170891564
0.9051115190690426
0.36342201115697953
-0.6978036737505973
-3.324233119525709
-1.3376990657910253
0.1758082605768103
-0.17355738433124523
0.7569487756468847
0.9937692089283907
0.7496247240307639
0.2622281678172645
-0.041886583562691176
-0.08615402709280273
-0.6556931840175493
0.12426762292535401
0.9806002711324409
0.6993072405080076
0.47514122695168254
0.9187854096637904
1.2166158811838552
0.9189152551256927
0.7419399725949622
-0.7538790922203578
-0.330136816307961
-1.4068252008570383
-2.216018305521392
-2.750557334026034
-0.5849043794956867
-1.8892305478754345
-0.2154783717002455
0.6230348621640867
0.8986567332560254
1.057926113453354
0.6458306315694897
0.8849468718826454
-0.2286409377746616
0.8442626027946369
1.009607493888801
0.45758637676492386
-1.2338117682197485
-0.49161130907170186
0.40647845877077005
0.01473852337211623
-2.325366087913642
-0.7241285900129049
-1.3854747742250868
-0.4865211214152982
0.6795345510602631
1.2929374880089275
1.1809092293341066
0.8925977293870493
-0.7773865212964437
-0.36453291393642256
0.6226723166757702
0.6105445081726832
-2.2172322616725886
-0.15398583057048687
0.01812562631612341
-0.9408144513885797
0.31193843840605645
0.11562614462665204
-2.0556645762697627
-2.4029803360775857
-3.3879224196368996
-2.1402856481208667
-0.8458336531397854
-0.7958741064350108
-0.7431727365739844
-0.5232419988662378
-0.35072457021840714
-0.3825144512049265
-0.47066793584603345
-0.008742003518871222
-0.5683804302701507
0.4053253857046435
0.2865751143003566
0.6117931819834632
0.5037626025586459
0.3031357149752947
-0.21115256735059862
0.09478814842967453
-0.2607742578234211
-1.3850950984113197
-0.23108468946986305
-0.4065356232449748
-0.6484177805039681
-0.053529514704967585
-0.810858254835412
-0.4887317610185185
0.11873640905817923
0.8169705256407727
1.0396318599140038
1.0421570451788786
0.8296128300399861
1.100320165199123
0.585557808221971
-0.03035514210850246
-0.10334923078498626
-0.2929213333656057
-0.4260279092310052
0.07621556723321282
0.34305269690900253
0.19543363176962364
-0.502543787484973
-0.4879963599427936
-2.0625971606774116
-3.420206155637434
-3.2131193004354617
-3.2498967329789687
-2.741851276097403
