0.45100112145770643
0.3031425707636984
0.10418840120903622
0.15621179139308797
0.4258504068098545
0.296183212159894
0.08601344580135217
0.13396473386486277
0.07037896899177679
0.2529148679290662
-0.5419365908726645
-0.6882956853199584
-0.32695249183626457
0.05154629496317163
-0.1856289067555109
0.1837056197460503
0.41371879221716173
0.5086207986770994
0.45229702153118045
0.6735331123070861
0.6896546531815121
0.5642314144179
0.6684817022841872
0.843757510864724
0.8686984658895728
0.820146465887689
0.8840281903355363
0.5926797264646576
0.5423331527449283
0.3874372183595201
0.28402808488087966
0.5726462367312668
0.5741823366831744
0.5351101896544769
0.5429710619982016
0.43659182623995624
0.6621534731007418
0.3907365526264179
0.45118226592725896
0.5472040515282086
0.5774992030108368
0.9275116624587894
0.6236733358743404
0.40470234851798026
0.3624833463188278
0.04748311251541326
0.3551072629248475
0.4960859627188385
0.5232279057084529
0.43928997369086825
0.02051836159019613
0.07086334167371441
-0.09337192878116106
0.3888763528216031
0.024849940607043035
0.2906590729579468
0.33227163364740625
0.1998826651134656
0.5485286844246557
0.7712261551499158
0.6403172973063237
0.13257515770279807
-0.004241975859033387
0.1895335524391856
0.15948204754517978
-0.10996475166818678
-0.13745490487995446
-0.21639607245262685
-0.3284435290333376
-0.546709575706963
-0.2558038961105973
-0.3843090967885555
-0.0777055350385765
-0.0783485268763661
0.3752074502849529
-0.3169474018209672
0.10007820804092948
0.5163761552669784
0.7307003477370437
0.6076282141383037
0.6428663939017287
0.7943184359094756
0.7217872803104224
0.40463909520874036
0.8374000065683515
0.9423499543389771
1.076250077635779
1.0370255949514176
0.9344056035308861
1.0509702573007202
1.0314653849399658
0.8621671776214078
0.8170751175076213
0.8626807229661028
0.19373811296245108
0.19503419907278355
0.5035124486982945
0.607961013334126
0.5978455437599293
0.6665676677970326
0.8716396790905665
0.7808347821970824
0.8239278822082398
0.6775073668783658
0.7742943513884014
0.8357707826936771
1.057091439011465
1.1120658747122132
1.0534497805392196
0.9833470716939051
0.8270178287158281
0.8196876822578142
1.0319487819075432
-0.2117425402362063
-0.4928541853284951
-0.5567230395259528
-0.4181064128069512
-0.37112129895205587
-0.1265877711890582
0.07867251934871307
0.2608519477584393
0.007458136077989025
-0.23337434038865904
0.2615367130111773
0.17932953424208706
0.28772295625962824
0.48673410245331455
0.7123545083536379
0.8323796757163268
0.6009513378433029
1.0377831926194108
1.094529095811241
1.204092300015342
1.139082262106379
1.0573764722747063
1.097000746026794
1.0123383900374106
0.6707871668755867
1.0215115884804595
0.8406193596002656
0.9881419460619221
-0.8654074376965266
-1.3518831534585487
0.39639882951868094
0.7165043609509272
-1.3371404553912372
0.6772010680918649
0.37945358430608245
0.6821206186265598
-2.1928593833283623
-2.7779351931193323
-1.716570851347679
-0.9363984683969745
-2.0495467080250673
-2.105479440039276
-2.6307924097133446
-2.3244823360610933
-1.9713742326190524
-1.9417129809077374
-2.8206342179891557
-2.8381499292700023
-1.6976973675202272
-0.5489233257110728
0.03375355039954627
-0.05123911630672742
0.232064532060479
0.6897242682869608
0.624141952681161
0.8468688781427793
0.9056383775389545
1.0453018114496613
0.9756276841070048
0.5169450205830154
0.9896266470948138
1.2074937452329622
0.8900339279289954
1.06117968907811
1.2026067418800215
0.7080561267458855
1.0382667258450018
0.8048175003249584
0.9756762806844397
1.1055495454044644
0.2132042476106134
0.7390951094561853
0.9212158466833021
0.8625116737758096
0.2462547827082403
0.5927513036007912
0.5774640958437544
0.5878095510586108
0.9298944260247257
0.7879495817364985
0.5254327642875196
0.6355961114348364
0.31900222205141343
0.0668506145790812
0.29219401208924495
-0.7959308150645693
0.09098702427682234
-0.26926359923727655
0.1563388683278873
0.2342155744078576
-0.2938877515733301
-0.44528487681441303
-0.18881748557903366
-0.38263515354709887
-0.21172702659984444
-0.6014504880140732
-0.8366463162410845
-2.5326235894531854
-1.1414915253872528
-0.3383419925361499
0.187910751885824
-0.23835345524995064
0.25274991679426556
0.4024678813362526
0.390284389558119
0.46731161744423994
0.5424372032865433
0.6565458308556944
0.8167140496813025
-0.11497722103149242
-2.3157119850571335
-0.7536976999897712
0.5778750069704341
0.4528933733401083
0.8709425530211886
0.36537313223772044
0.05820118417418114
0.03716751456776519
-0.7638205864210088
-1.6763213673832833
-1.4805992071342051
-0.8677393387614928
-0.5205468518422812
-0.8077655374677447
-0.03838804491529653
-0.06779648014479586
0.041285272958055924
0.40149991305480703
0.44700138141935125
-0.8269841173428012
-2.129022959115861
-2.3489565353646342
-1.0595720734711334
-1.0280321271466666
-0.36405846824496746
-0.7919956532017987
-0.21239781539189817
0.48386122155570727
0.6939649644560538
0.051918390421317594
0.19307214598748776
-0.9514396265608769
-0.14757270113939008
0.2325097254693926
0.48121371508416827
-0.5554044998281262
0.13114327203204967
0.04898936540639661
0.26505849039809976
0.5946405952394441
0.12473514159323566
-0.37484592227871594
0.7375726138096641
1.0824987600296239
0.5051589625277982
0.44203049420006035
-0.08038716284182927
0.34620006430264055
-0.053427925655739054
0.10411561600930706
-0.07388871230753986
-0.03220028849266828
-0.6550242803312586
-0.03671531713037842
-0.6850791326676481
-0.6803217533590411
-0.9291819570722116
-0.3157652680451096
-0.8144274609674084
-0.7340986936040743
-0.9487689566011325
-0.5558878929053169
-0.902762186605613
-0.3850425211872317
-0.1807372489536758
0.0682959894056615
-1.0111261348299592
-0.47801787538230567
-0.6784825304283953
0.16793660520956188
0.6317067005048722
0.2815453298048365
0.3390008510259712
0.3888655909235486
0.740048362952239
0.8530557932557883
0.8698114071523889
0.45243651218485975
0.6599076476807308
0.08627090972234187
-0.8009820105674512
-1.3905213426207996
-2.3231848047055004
-1.2808873425358092
-2.541856978336127
-0.4325969740991099
-2.5960274996392694
-1.5206610753115797
-0.4107232115300086
-0.6513010467622579
-0.13459718244001945
0.23863919178862894
0.30752937862344665
0.49123287982530606
0.6803795705997248
0.722446849390223
0.470684322842826
0.397367391185272
0.4522949208621439
0.7465927583895964
0.8547102077373738
1.077943997539388
0.41739705245085434
-2.598127189143951
-0.44298310919083406
-0.011546289197197971
-2.6612746978359065
0.05682312781777384
0.4425735935219226
0.1845858159457822
0.08823197602537432
-0.06918615765209794
-0.19045838515891095
0.014695025360682077
0.3442696343372034
0.47229971025722667
0.3853557075273402
0.31962413828151365
0.26410069592932156
0.5250442590922131
0.84484723073433
0.48868304599119616
0.7657453418224404
0.8420747370205336
0.33811271434278933
0.5406619251279805
0.3747903947404506
0.40680600231717684
0.00378222051302427
0.269361906774759
0.6014462326455001
-0.7462357383764642
-0.44175213789073214
0.3255547335898809
-0.5692850994381319
-0.14750021009874065
1.014392990143414
0.951470279893694
-0.42362434949195266
0.22658987225836666
0.7155945642772262
0.39429988169077007
0.8180761270987051
0.7175879079124855
0.5286911327662233
0.24871734239714968
0.744317283687967
1.4829637450485615
0.4379339593332257
0.42104864035615736
0.8081084549039846
0.7673359036291372
0.8962140787826302
0.8201676340808809
1.0614578704041036
0.9124836208646847
0.27132085463979255
-0.24852075268452706
0.33478096842242244
0.5707674897479369
0.7528774984148876
0.7790364055277015
0.3454118800929426
0.6373024230718941
0.9171411495366337
0.7409616185913434
0.8137087716815029
0.8137087716815029
0.45490992187262186
0.5457469481760572
0.5151604413417371
0.7607403481103637
-0.2453858189015838
0.3253045126481221
0.717689327105276
0.8008462638587761
0.5228628032816532
0.17700183364303287
-0.6165235420813684
-0.21383517875292332
0.27730511113030054
0.7266396799169799
-0.28241538711011144
0.08603696687323802
-0.008994857228077956
-0.16412768282387163
-1.7664386725417143
-1.4489410198808248
-0.46905173651314075
0.03279636337602573
0.31214600115969676
-0.1289812380480398
-0.6144323887692538
-0.2992131511917085
-0.21136975847453066
-0.2912286712328082
-1.6792558829773843
-0.24543689538437066
0.18377578177870535
-0.004777764373496787
-1.3751732841540736
-1.065178117871759
-1.3624294777471326
-0.8743319732570288
-0.6532769981621365
-0.6832570438313647
-1.5055739183995298
-2.0052786491233214
-2.2888217977149954
-1.547455947198142
-0.7728682122229406
-0.31954248611600017
-0.1265006238633824
-0.27289482859318437
-0.2579912032883368
-0.9610428775457636
-0.6794071196561212
-0.15457395094390194
-0.7410652626545878
-0.7250207616579991
-0.17476476484990205
-0.022016115061795603
0.577776156189432
0.2943914846113434
-0.6098107040984518
0.0875074678299981
0.4022427861839368
0.6596914768904314
0.8882300076849269
0.9064331483377236
0.7996490123825093
0.841293561545539
0.9366228897605741
0.4681187152976957
0.7637666044571362
0.5519227000292815
0.37266291173468086
-1.3251393757106553
-1.6810931101847408
-1.269049242048176
-1.2683145902990356
-1.4164745896777602
-0.8904209139001006
-0.07429083640605955
-0.7819257453915328
-0.5752898582643786
-0.6406769085832811
-0.5827444660545984
-2.182000679037689
-1.3658100309302807
-0.6857516258989471
-0.0922958653499604
-0.2973653721251983
-1.484170849939351
-1.1723535674407437
-1.3897003097014355
-2.363772671767356
-2.190550776531358
-1.5766097021773444
-2.688818928135647
-2.219215570470463
-1.3311739453643356
0.2655941879775102
0.41923340920051005
0.1800153620835411
-0.19646439134060253
0.3877244989865305
-0.06597260405082161
0.28067609025081713
0.743856493815243
0.5407212286399269
0.47431252228666526
0.7283375970390644
0.4882919761872094
0.6626727531909752
0.5636924903263317
0.5717657381771277
0.7121143196009392
0.3961943215289486
-1.654157927759012
-0.9691233462598869
-0.3610925892109487
0.11496405773082034
0.0722639352709353
-0.9705263363474069
-0.6634764681464485
0.36563158596982126
-0.13603078364645596
0.7440194476887125
0.8390322198057951
-0.2822461954880658
0.8164211177097981
0.7984433945132551
0.983296347228834
1.1853848406506984
1.2021567414562813
1.061842947614417
0.8938908473391084
0.9550040836072264
0.6040523203303176
-0.394859788474121
-1.615283085956293
-0.9696672761578111
0.3401049415830721
0.5743550805428248
-1.6495132280576947
-0.8232587395418397
-0.4221847836659451
0.1335839836173623
0.5016204781799029
0.32288953859947345
-1.5639512942627698
-2.51336135481917
-0.49653172014499597
-1.5677755506812114
-1.003251371650652
-2.0741905977706114
-2.6483391497465654
-0.9907016325964176
-0.606483174563746
-0.7144610508250626
-0.09681470013384111
0.4921439972516404
0.5461336125435344
0.05978020092781398
0.4374274505397371
0.6581172158379771
-1.2846989131538664
-0.4506143718266385
-0.047092775736569246
-0.3292326445029014
-0.5956623093387389
-2.4206439033910194
-2.3973624329851173
-1.8889934358106473
-1.2436105271192237
-0.5137331059125542
-0.257792331641903
-0.39497628589550987
-2.3950058726612444
-1.3791185916826425
-0.3548816346830435
-0.03229297526245693
0.33100272011996107
0.39506599431369543
-0.02323791649993391
-0.812869905885838
-0.7430858348976022
0.2655570511177314
0.5415831645694278
0.42324992732476374
0.44404071623706687
-0.08351291726454617
0.18673210952419073
0.21490335690743645
-0.04212680042598908
-0.0654887650060281
-0.588114176004855
-1.7356984088883705
-2.236872793212679
-2.2348709306539027
-2.23119485922998
-1.4608831092186512
-0.7705957298520465
-1.8785276749206603
-2.2673275066333165
-1.523762176083018
-2.1661364789157
-2.186618305982002
-2.1284672353424763
-2.3897624251855945
-2.0494037685732946
0.14972528798074408
-0.5071963944077076
-0.39098264075908656
-0.2040386029394731
-0.7369372576865983
0.3816418987273334
-0.08498226328801539
0.4826232631407651
1.0026953284798485
1.0199223039694978
0.3622997038580106
0.015438054651245568
-0.797828702937797
-0.22046635275085175
0.17473934278501604
0.3769516230318024
0.2211826848450537
-0.5715646390031905
-1.3069011144130462
-1.9486254311345883
-0.7403375545929147
-0.9030213621942477
-0.9096586596162826
-0.9096586596162826
-1.9424012687723935
-2.665559920149583
-2.6997363807448314
-1.473345358361658
-0.823263629595715
-0.8949426010831113
-1.8876834153274724
-1.5758138037719078
-2.131302455326387
-1.75304294044695
-1.972093764691704
-1.1619820073461375
-1.3990277442126589
-1.6142921447345735
-1.5251450259894832
-2.122262178875908
-0.5743410816936674
0.16244530650993846
0.5049542654250363
0.46376110198278303
0.2820491797761921
0.43215726306584384
0.4493727511413667
0.3052270234381636
0.4982909802722887
-0.6360764219670026
-2.9811019948522315
-1.334233042785228
-0.41408400012407637
-0.9121816969058963
-0.7904543422489523
-0.8291027321447635
-0.19556359442154034
-0.8671989780205669
-1.194154796072413
-1.074337639985075
-2.0336690914105393
-2.689531445763449
-2.6424638860206406
-2.1228075063937983
-0.8002390012993684
-0.6190113039926318
0.3765807126340704
0.04232842509004944
0.2817027903932157
0.39450929847035826
-0.26757836993610884
0.1805364654467264
-0.06269475201829593
0.47805631071389965
0.23339442104012179
0.6016428827124684
0.13149401780735498
0.530028606001745
0.6405034324963214
0.08228072101475012
0.32619622229926437
0.45221941614372746
0.5712006439440088
-0.4562877213967632
0.11513046482781786
0.3475697246358452
0.448699032234909
0.5731373484569852
0.6658478410667736
0.37842881869139505
-0.04578552017423419
-0.38461247235546886
-0.2591640810786699
-0.07451358841478593
-0.027608760365125315
0.5220943676116077
0.4531129856142827
-0.25342707180535
-0.5574521340173552
-2.1470416166902457
0.008682067560210319
-0.2546631676478122
0.17437886076982365
0.19240907309069497
-0.014460100862117468
-0.5986810928896945
-0.851132583842396
-0.7890589692473968
-0.24432734156139632
-0.2744113420887897
-0.06497004572649669
0.1706756344666123
0.46141172925972235
0.42817303946606794
0.41203564001662235
0.4679943267061541
0.2363543633640885
0.33257714202893696
0.027555207020068667
0.3157584100664644
0.4268903670818844
0.5022788852877133
0.2211429579822394
-0.14684355139903074
0.3059164630820181
0.49355493548439533
0.39148582869770904
0.26789459278802835
0.18095283440437238
0.5150024588187889
0.03303373965650473
0.10500685172805196
0.22944552913783217
0.24613353079973602
-0.6701512381023493
-0.4048235012613043
-0.29919091464800246
-0.020330921417065682
0.08790727772479144
0.02216472759178447
-0.01706728198505284
-0.009549542096420555
-0.21663124043352255
-0.33438677018552104
-0.38106942903678154
-0.4018619222508268
-0.9812879677901707
-0.14500335415927443
0.6248221469680201
0.3733852999818318
-0.36313180703665904
-0.6019182966464066
-1.1144995855483428
-0.40288574197095944
-0.1330186683668031
0.21772193832199366
0.0002448221873362819
0.1922630332398862
-0.4143084893097786
-2.2837983152458405
-1.597219055103827
-0.5553042543293034
0.15710527658550213
0.09176093427247575
0.4696848177637122
0.09900247366020858
-0.07832528625130905
-0.10642322833974954
0.15855513447223296
0.24998236893157072
0.24998236893157072
-0.41255161213436253
-1.0115018665375946
-0.2794603749304659
-0.23969892834980222
0.09656689003476589
0.14017064950637884
-0.2091258175808571
-0.039664365009817584
-0.20466983796079632
-1.9399319618083122
-2.3463014505514947
-1.5978555271819437
-0.08878056857934902
0.09037288231258672
-0.2138464935037749
0.3465928279129261
0.542427738741116
0.6395314121200945
0.21503224278184957
-0.3452574403381067
-0.5389588761625741
-0.24933498890987899
-0.8877377958458454
-2.3091094984804292
-1.3942742200278917
-0.9697346115141723
-0.8639077657812876
-2.079917863908364
-2.219329338086846
-2.0724301964433987
-2.4686621865586535
-2.5172493177870288
-1.326452546921887
-0.06585667874635959
0.28660219242562784
0.3687276106678448
0.44137594646046974
0.2857552683625217
0.27225583792167596
-0.610037135617068
-0.6846561140534372
-0.11435250997634318
-0.028840220376622226
-0.2872535388883942
-1.7394099592742862
-0.8890376569514734
0.10326392074504356
0.38216301214025744
0.6772603897577194
0.6477672163516219
0.39016295161178516
0.675814594565137
0.8780245321723095
1.0481518593260566
0.8311859777110426
0.54837468323375
0.9024526846184681
0.9531238357441533
0.8415216594867778
0.193712898013999
0.4278844729507952
0.5545145940314851
0.6342048248288394
0.5701519209030725
0.5305599308559438
0.3428943677888377
0.6058596913684867
0.5080436951338059
0.35611258199221957
0.6402014653184928
0.02979108250282686
0.2633134325723562
0.3011885358328546
0.11092031669563807
0.4728664541841422
0.6526215761544644
0.6430461694232531
0.04753281069468376
-0.21480874204859057
-0.15297235904320075
-0.756098387494351
-2.2009852136658514
-2.120007023904983
-1.2961791073975053
-1.441030221902479
-2.5960926783611296
-2.4152625267228482
-1.026740402070157
-0.014288244546063325
-0.22604188006062084
0.1917540114623038
0.3400858572026521
0.318622935877908
0.2765281513419588
-0.7785792241164754
-0.5991354930565234
-0.051034899837649104
-0.050814110501627506
-0.18638978279599558
-0.11969844892726372
-0.5074596841686522
0.053057197443391074
0.014977851753176247
-0.6601807849230825
-2.0375499137044017
-0.7904807069255141
0.29486482029770417
0.16080666349627218
0.32029036971242564
0.5233572032550539
0.7892274993964863
0.38179416755723133
-0.8678752094147435
-0.442587774939302
-0.04052380178576719
-1.354249535443843
-0.2768495984376598
0.2719642460603698
0.1512393048692386
0.3506022323082519
0.3174106656769256
0.4760147694665168
0.4954946203116102
0.48736262057347574
0.2748027241536207
0.11895305293088283
0.54320137488755
0.1028193789480487
0.26871205619794747
-0.06736422130327117
0.3116039169536786
0.2593182608380557
-1.5172464543779436
-2.538193546453667
-2.501652066183107
-1.0408658627812026
-1.4881235779322455
-0.12844888975739727
-0.12390487057851332
0.25393556825497693
-0.028983412709273935
0.3043203620858174
0.005279942834133056
0.11538906581065873
0.17547473676187203
0.1633103625094205
-0.618382249894262
-0.22681533219079558
-0.1683515044645223
-0.9925953147880163
-1.9451195914492496
-0.6543750092262908
-0.1312942791233652
-0.6257890666279733
-0.2756083289125395
-1.6890739063389322
-2.494637344437673
-1.396650914252376
-0.3139282072700658
-0.16378176589477922
-0.028044647225727352
-0.17567302106397564
-0.2834996285322096
-0.200593039498736
0.04539142991071169
0.1503761285026655
0.16006974389849826
-0.9125524249360903
-0.36150614199721437
0.25123133368772105
0.1337534294898664
0.4136310428631019
-0.1260389298810961
-0.21777023137850987
-0.29714989647821405
-0.5700165291101448
-0.41547243282301005
-0.058398597917429226
-0.1458837088350212
-0.4084027332391695
-0.01573737253717237
-0.04718507252332438
0.4426779082778248
0.8090627599610125
0.8677807885696294
0.8580612630208548
0.7423511277827579
0.8921324974248839
0.6462862526036443
0.2965255963622115
0.09685970257324616
0.03381693660902108
-0.3618244252984353
0.14461430959127566
0.07320345814486415
0.313893725569705
0.5707566125962532
0.7188621257021416
-1.2254678072890848
-1.4318999822073646
0.04817928606146566
-0.7497388507725627
-1.1853496456848427
-0.5339780499290164
-0.7471168551758387
-0.5914966846079622
-0.2972439392029334
-0.23074326038382684
-0.23264168767964707
-0.43397183404106204
-0.9267030170989617
-0.3265854697375474
-1.6562596862524868
-2.1052467858797725
-1.6142501942988043
-0.050776584119442
0.2687322307428617
0.3132595922108887
0.42060492626798474
0.5850255239226284
0.748970113989483
0.7602707393865831
-0.03187598521013012
-1.3313579701784084
-0.10394596111399534
0.4812306458834473
0.3758388616452544
0.29347302220546995
-0.6462429389268087
-0.2705567948588127
-0.1829150831617127
0.3881818615469381
0.5191128272748228
0.28035705363097224
0.6366040664096453
0.4878338740911134
0.2973448488050063
-0.20405396265805414
-0.19875135223236545
-0.236384725537064
-0.3727899096775834
-0.08289552459533785
0.045005954997053794
0.46356460352406065
0.2651320913043627
0.5464690206519848
0.7693661384689968
1.1757552166560585
0.8658679586925332
1.1140484764320557
1.1368346390533837
-0.3992148040228371
0.6032518443292314
0.7096341678062117
0.6741053891462874
0.2569990409278535
0.1807072976810513
0.3449355840366877
0.23312744758549322
-0.10154542982025773
-0.3326883187940011
0.0752611971730341
-2.3925136608674067
-1.9121669708261568
-0.3295938078382455
-0.19665495694590798
0.2821989854066921
0.5272124184653645
0.6198353316553488
-0.6239606514238599
-2.374264743646371
-0.8717432021993898
-1.5215925234039753
-1.7296656470813376
-0.398104906371137
0.4830558405165513
0.7667670020315485
0.5878870938662624
0.4107945549673128
-0.4543922093342255
-0.017279111524479494
0.3626891668515394
0.4076373276145248
0.27257278952658937
0.7176189817852456
0.8566069915063259
0.47096806061851315
-0.19761624651128878
0.14998642402490492
-1.1177930171719737
0.12844605882236923
0.4329891103301778
0.07937010289043049
-0.5976329030466094
0.4601383610991914
0.6419609012843209
0.3700886645868652
-0.6047980825040435
-1.3062304493375323
0.7200287309307637
0.8574297172698082
-0.012547055288539725
-0.49973218857601337
0.3691218546406445
0.6290660943887483
0.7578392667774716
0.5619252567828644
-0.31628364765190836
-0.3309265377664418
0.06564596306488672
-0.1189506384635092
-1.6482845543027853
-0.2134386699370124
-0.28314510592127684
0.33439090632340085
0.02949383569248608
-0.6607567975946094
-1.0453773284676702
-0.23855750519950336
0.7430291374250709
0.8504786686752951
0.8052642888376431
0.9729505234798431
1.185224540381531
-0.1099620237630094
0.35637096446251426
-0.25740255334447837
0.15284939539657746
-0.5639069378533313
0.816080710745554
0.4917315177425196
-0.5251686651613758
0.11540383424020405
0.3432677216596538
0.21495857066803228
0.6659038806840731
-0.17141437764677073
0.8667986478371629
1.1071450934012046
0.11600360719835258
-0.5364478778599051
-0.6998844065769693
-0.8167948698329974
-0.5698097642602319
-0.5235895385181634
0.030896859579661956
0.06905845358755838
0.3984947200235313
0.4240073604860809
0.25489312366950817
-0.39629818488645974
0.49891599889140004
0.31974236279860757
-0.07327907991190115
0.3804053016728898
0.23222548344845875
0.7653191422473291
0.2883863471782708
0.9047357014836367
-0.27800966863770055
-0.4034053018094543
0.27892398042625494
0.25864965824217784
0.3476207726957857
-0.18628995734310408
-0.2705960654139949
-0.049839193396067176
0.440661072426976
0.6100365624057876
0.8680391028962681
0.8163641437799436
0.6074458426975664
0.8887720318493081
0.9531710237689384
1.0747630627507798
0.7766802205224949
0.8088122129204375
-0.7501605757493504
0.15580602950960204
-0.677016664366652
1.8758946852438698e-05
0.4367076403363706
0.575167146900178
-0.17674513588501398
-0.5664975058872374
-1.474068785431387
-0.4599844036405664
0.0730581652866974
0.08803304246999205
0.1847816735081034
0.40141283638671804
-0.27605380556677994
-0.1605685776434275
0.030932724101982965
0.3117720350567536
-0.07436426829519446
0.4950746629129174
0.42116817341224627
1.232307584827415
1.1314442530022277
1.0837294213196198
1.126642528220422
-0.11461402854141864
-0.3227270802399866
-0.4010650113644647
-0.0966185060684028
-0.25171608794422917
0.527433703606027
0.7823928829642964
1.0427123813355639
1.362242039005845
1.1885873023009397
1.1121759705536567
0.6531451460016351
1.0490796705802363
0.9479048726029544
0.8922721908796978
0.3806658151298645
0.6135994364410754
0.4988781184531995
0.5325029994338555
0.6934056076837938
-0.419281187748955
0.03345323822329917
0.3795220343905705
-0.2731215146538233
-0.20295463741418576
-0.2535028588888672
-0.04231543995990026
-0.6735871499198015
-0.15172328559065756
0.015756070438459058
0.3007588789062873
0.19760424418778136
-0.11484711289719489
-0.04471219900089599
0.21351444716817894
-0.26133076738604516
-1.3518275518401817
-1.3860198299438888
-0.8074171231630141
-0.6755640818586081
-0.42866520824757404
-0.2597767004448237
-0.276525908895806
-0.3369558958917088
-0.2247657236944396
-0.13865822995640864
0.09196248507687643
0.23980132367517984
0.39329093540475996
0.06642267608447996
0.1435711347288412
0.0025164645467129444
-0.11254809228052644
-0.07313362797645867
-0.5715525438175562
0.5014003414000827
0.6231216512558083
0.5947836827690892
0.7419677841761637
0.6547004138865125
0.35994143296901043
0.5516446562699524
0.6523537434983953
0.7503114991971762
0.9079995534548263
0.621936950279442
0.6652073407648725
0.5851299916167859
0.37124750758044434
-0.2003275920993525
-0.3581079792740161
0.1608636033954392
-0.2722658377694954
-0.02622602285426271
-0.044197254885338884
-1.4782864529208515
-1.1949433754188887
-1.9595631987968902
-2.075198859958062
-2.0904159059671783
-2.1637483453798247
-2.2546479848248024
-0.432051898335614
0.3043334089061734
0.4326043723410511
0.5787840825193067
0.4573864294065504
0.383896446147696
0.6818036250170538
0.795172106392081
0.5704448892358046
0.35288714217274025
0.4136395930957747
0.16541837677630417
0.46731162480557453
-0.11959881616560425
-0.011439395926549575
0.4353103439477611
0.5062577218754402
0.21149355085417623
-0.5196209431315119
-0.1648792392592197
0.185956367748132
0.5827224076121673
0.5830349142583318
0.7085000669477755
0.7566235284615377
0.6014429667742248
0.5892316913299085
0.6210882125100776
0.6204871901916393
0.3248134300992058
0.19357242620549636
0.4475557922971203
-0.24549502967619702
0.12392378692442226
-0.17772428037236165
-0.04033870584375298
-0.7518434866003785
-0.20770778680087867
-0.22285625100910417
-0.6573182674786593
-0.3004896008021024
-1.1201638950554287
-1.6845815357602372
-1.1379742868268417
-1.8768706327967561
-1.41173222609935
-1.4307113782416325
-2.640330066424981
-2.4785443608224016
-2.414249117351491
-2.756473651994863
-2.0930192655969195
-0.5283220627391634
0.42331057504714203
-1.1921095692332166
-0.42336589597343643
-1.857303473144265
-2.008815493480579
-0.8208367854833775
-2.1135230204477127
-1.6515882957530674
-0.5403210547009312
0.17339683505420386
-0.24496781725444136
-0.6181629296669618
-0.628104969739111
-1.4989115617142752
-1.5941060174796369
-1.0831781472367639
-0.6186776907134689
-0.7751117829592078
-0.1921170881791296
0.05256375545694962
0.04617657765795548
-0.010061376674378642
0.25305731391829656
0.6136219706159695
0.5632595914511415
0.23327782415060105
0.24065015826022113
-0.09714306742004897
-0.16572295772323783
0.27123196451727866
0.03401365074894491
-1.6629490241374731
-1.736603946658914
-1.0281288138285896
-0.2783659177508565
-0.2796769590360832
-0.13953322437831833
0.37336507162554194
0.3378479197426017
0.3740288822385107
0.6008991626042984
0.40666959176651174
-0.6464742836162349
-1.1518942510801178
-0.33193968411371694
0.08261949520813469
-0.7346505372031771
-0.6432237180247653
-1.055612293852783
-2.0411456057631194
-1.977411508675995
-1.2491916333324415
-1.369586153546068
-1.1737922475437284
-0.968628584299339
-0.5176731994513859
-0.16363175137515787
0.2531680389698555
-0.4151812663037582
-0.47435319735763204
-1.0616679106658031
-0.7757658135047046
-1.172009086370934
0.06280575041571579
-0.05014490736478343
-0.5728997613630309
0.2194784654064851
-0.9593636351690978
-0.06498000272576245
0.6447064088566352
-0.6636316546487957
-0.8641993769571477
-0.5268997314125856
-0.18393622940293103
-0.6320030362509614
-1.5456553106974458
-0.8912619769365143
-0.47381285333287104
-0.7338962445005518
-0.563054930372242
-0.41314666132511046
-1.316387737157683
-2.037215853507501
-2.4059582315937806
-0.46499578078747034
0.2089684780074555
0.6915113498390533
0.7380498608942297
0.10355695045518477
-1.0390451594952896
-1.9878737045524735
-2.277771036820464
-2.7697238900780485
-1.277809028808508
-1.302424549099642
-0.8475848034689278
-1.278156225012845
-1.0801117270324234
-1.6598961380379622
-1.16212948413364
-1.6358844260455603
-1.3836053945756985
-0.20444667566190824
0.17253843930258625
0.040876818533185935
-0.07874514255134996
0.26781333269385355
-0.5162257080740068
-0.06940191564281284
0.11840319260521823
-0.4103848850044731
-0.9499430734962144
-1.361112776611619
-2.458551554303375
-2.3115857331922953
-2.368334832361369
-2.370322278409714
-1.8390214035474288
-1.0701978301790955
-0.8139699590848087
-0.4685151372931713
-0.9239663218146131
-0.6686351235227995
-0.0553260504323434
-0.0026723354965453795
-1.08660434324512
-1.6609310975377924
-1.881789400596055
-2.3142932359060593
-1.117754755471288
-1.692381542432174
-2.3387823048490146
-1.8291932830226194
-2.3021434164680343
-2.1207308028415293
-2.3777353960288816
-1.9095983189431567
-1.6197668302982673
-1.9304349186868461
-2.182370123697942
-1.8024449319204576
-1.39537234982795
-0.9237561815124424
-0.5495222952132918
-0.9572110675519865
-1.8008455053006165
-0.2890453599695204
-0.14006234865479605
0.057226260539579916
0.041289132661631485
-0.03404472957741033
0.4584218324657466
0.6247116795031855
0.1820362133823923
0.45439285695424264
0.9801028480100104
0.7858774820465046
1.153504237511954
1.3649232062731533
1.3891633170361424
0.9331976106137347
1.0777506808093171
0.11338941551156023
0.4904203696592235
-0.17879411345139334
0.5410121904425609
0.08397436213479822
0.212001242148426
0.5631761919223089
0.9632124284574407
0.848369238330021
0.5180396874786516
0.3553763428631505
-0.7423728709334722
-0.0865680274276513
0.5655813315266391
0.16857162665025702
0.47252177071877005
0.24795333248898432
0.5076133317638037
0.7977644244630662
0.7707989449933671
0.7580593558745535
0.8369629661107719
0.7282182791210275
0.8219968104808067
0.6103555914440769
0.8655396506607833
0.8858710157862856
0.7964464637729083
-0.6407608148308425
-1.0954313513734162
-1.5347389225502979
-0.5068293225556759
-0.6615959967799723
-0.4004372742957762
0.4204964522386047
0.5515881108377376
0.4583009193233297
0.6927974837405341
0.42065391543682035
1.2139075745993604
1.022918547780613
0.7780311609715719
1.155922715667894
0.7886542960684741
0.827472680394807
0.8201185719634149
1.1966047361013725
0.9995474934591138
0.716335087533101
0.7190027797181375
-0.3980916072527527
0.3865857345444645
0.6766406270191567
0.7827206044583992
0.5252290993178822
0.605991963977164
0.44644642242384247
0.33558737820602574
0.44674915479018285
0.6004751394625281
0.5594253375839198
0.8813738480866071
1.0930145217092835
-0.22157949691248507
0.6403708245230524
-0.8891127825351793
-0.2237313194733935
0.3775211161187877
0.856420596092505
0.7994354878207652
0.8708854606513012
0.8581698651410959
0.41309119204765155
0.4858445400397279
1.1367665519388988
1.237140753604334
0.8805148760707789
0.034808428292010606
-0.48174000196753447
-1.2810229875733412
-1.7190674601811176
-0.5058984819910075
0.5851281805019841
0.6865040900155747
-0.8106559535858556
-1.772299780690573
-1.595011947916729
-0.48843003859418915
-0.3778678080017516
-0.4746404572866802
-0.29890234619014183
-0.45290522446719295
-0.06942734452478512
0.669711857275324
0.41535125457758404
0.5731767350929957
0.6082861981811905
0.5919777948610447
0.8202361156468124
0.5918073450602589
0.7775765568124222
1.116996630718601
1.1210840701305758
0.9863549778954456
1.3906014739465327
1.4888419186960467
1.3539139525167736
0.1098025494582387
0.2986913107450804
0.3469091695977878
-1.1045817053070053
-1.667770099757004
-2.6343448502084184
-2.6703724299497593
-0.8866662791380296
0.4492572411536785
0.7794572308474738
0.8092413035672895
0.9249044307891607
0.9857460005202591
0.8582905706719995
0.8540405696657877
0.7634460580926778
0.9752560515387657
0.7714548909243841
0.26866211901750836
0.02725959355452396
-1.0437253269195044
-1.4871219101910917
-1.5687318854844905
-1.6001775621460361
-1.437690704625165
-0.9353766159339172
-0.6823447686132552
-1.6135254801946082
-0.9856213714413479
-0.03240217121665667
0.38345036332179544
0.8682823557010901
0.49593996992441575
0.220204056949497
0.3809492023735379
0.05558620972604384
-0.19433774337220908
0.2761775378018939
0.7549145471351112
0.7762508307843206
0.8019022565880712
0.35549134324331444
-0.5520796283025425
0.7380551032725062
0.9701583001489507
1.276957535090889
1.3760535293662246
1.4858748242577613
1.5904812492073208
1.5361706158800943
1.5662619435243346
1.6535233404490854
1.6054012952078427
1.6054012952078427
1.573476676357041
1.8487655077633232
1.5249854162224823
1.7177446975702273
1.7824745619786493
1.8397783275124322
1.5447818036077556
1.7342859155964176
1.7284147436710553
1.8571736508542314
1.4931344488527956
1.6845789706412797
1.5672379020442813
1.248493789886145
1.569559050846488
1.5001838290865277
1.7319763425016979
1.7718972270875306
1.7251270364084055
1.5830201165891513
1.8603764215832599
1.4332857291511867
0.9816515977116376
-0.1242922283270316
-1.704383735309357
-2.4260279333453445
-2.041249174213843
-2.441821340212349
0.5076732284263242
0.7772771964850624
0.7286958878893159
0.5152919645874795
0.7711778168538347
0.7779232809493353
0.6641118303269149
0.9018996076230429
0.04361867416362057
0.27992687330384225
-0.06431207253512197
0.2227724885593492
0.5207809207780961
-0.3793400037425373
-0.6067087910878499
0.01062104749361318
0.8063063600909223
1.006810445906107
0.46430706182642
0.7639119861802902
0.7032245666263133
1.079207629462906
1.036063148261211
1.109305219770999
1.3762783132342413
0.6144777695245038
1.2330691131353435
1.46277688799888
1.4394218540509613
1.232331048272527
0.9620329161341553
0.9109685079785633
1.0396781611115835
1.0867580204548946
1.1092629767466688
0.9874428735133123
1.1344670149879292
1.2017814534244435
1.4102003924463904
1.1811033821836223
0.47887216549703443
0.9048026289017281
1.054727849628338
-1.7568741690187608
-1.5261420841641944
-1.1207214834014587
-0.3045420527293213
-1.007543482829067
0.24984810300434715
0.44902948149002425
0.2848534458749733
0.9225328799275841
0.8723855002021336
1.0109716800000277
1.3130820084149406
1.3273537370328892
0.9418052085348178
0.697676543236418
0.5912178934922698
-1.1476983145698298
-1.6442656743018547
-2.56987576623604
-1.9956858019051755
0.027029515257926268
-2.1654440009913407
-1.7638995981927406
-0.5749811485912234
-0.5413194637519549
-1.7003074677393828
-2.7337400644145644
-1.876535725710224
-0.723966561348681
-0.5579191172141368
-0.02272131770730786
0.16740423042789937
-0.27807561947295767
-0.7428365376622179
-0.8965038958838562
0.035195599630100834
0.5483609491875396
0.8212943230980964
0.9039073299823885
0.861544083071669
0.9738917740079539
1.024340864861245
1.116536353075019
0.33995125290535994
0.6558318222560835
-0.29736067343697625
0.3758724718334532
0.516675886360309
0.3807397162224041
0.5272829884501473
0.9752306671014775
0.8582661291191517
0.4852631282366669
0.8478093510021836
0.9293715753009804
0.8937537575571055
0.2485407490027018
0.31803699962485277
0.275589335247557
0.2654020638738995
0.1688354787051571
-0.9952702090657076
-0.7830049334987448
-1.4910063732164294
-2.0297190798600786
-0.954345316212381
-0.859365802421311
-0.7663730025670701
-2.2664251292052597
-0.6628467642507841
-1.1655056550658403
-2.258220803880354
-0.379192050149963
-0.019420459807675348
-0.3073646167616974
-0.22976023899791093
-0.9143890662163215
-0.7936226999528287
0.1905982342439838
-0.9571550177984229
-1.225117031026688
-1.9621251981396932
-1.4707130631145056
-1.4978430249361814
-0.35189755333973805
-2.4387738987627205
-0.8078489454074554
-1.7142491573208725
-1.5161999143484544
-0.06985826344448491
0.8706372132390263
1.0996652847164436
1.1680604520148818
1.081564890943912
0.8128589973618953
-0.23345739884533356
-1.0168711115950704
-0.5641172262900765
0.4816892022761091
0.7878768318547217
0.8008319472821992
-1.3308247339720312
-0.2928329377076351
0.7968455212391774
0.7632708022697979
1.17239710412097
0.9750183563911123
1.042827677465655
1.1087529730864183
0.9491447242724708
1.101894850805904
0.9853519617536792
0.8618848227065026
0.879645675217412
1.0036315988038664
-0.5977634691352652
-0.16251748169626812
0.5394368298409064
0.9698217263831922
0.2915294372550788
-0.569632161246352
-2.343277287807208
-0.9219997466401293
0.10767012286324469
-0.6826664087349531
0.6813966365957205
1.0563877976871587
0.6967592300068239
-0.009208998965527428
-0.15805801184126775
-0.2112309822385063
-0.7463489466898672
0.17937478467622855
0.795150229326639
0.7812759492808774
0.6151126697242892
0.7292517995541347
0.7307824813392715
0.8795728027614017
0.5578428962831364
-0.7282769256041851
-0.16614137184659816
-1.1828069883853898
-1.9748461307165464
-2.1287242756262654
-0.5892564636079481
-2.074283165154437
-0.17861031319655918
0.604202672986069
0.7862768997610988
0.8438613359444671
0.5949066965105961
0.7627287665814396
-0.2800404180879255
0.7298886723053822
0.8567858692130178
0.4401021666462498
-1.3916827925482151
-0.3136810699958726
0.32639410022020376
0.0812656307078282
-2.2948902105018396
-0.47885613111020753
-1.3258686760315723
-0.4003858357751617
0.7602532192182693
1.2758135336264147
1.0002683967606958
0.9077363709241938
-1.3730657149963297
-0.3666062989902927
0.7031746888374707
0.2176065618639697
-2.007467965063
-0.2223351055550541
-0.2234504081266543
-0.802913929363348
0.32473878115041516
0.3156512903298126
-1.7576147391015309
-1.7149679238878432
-2.804829003047912
-2.1689502316513085
-0.6869784700728634
-0.9788005510495251
-0.4463574546586847
-0.31960393961709194
-0.5275337643800858
-0.47748999257236713
-0.38116464428995134
-0.05817165023913002
-0.6063988474063896
0.32893587891810594
0.0253723867551447
0.6503432944598343
0.6642376434985199
0.25140172225116025
-0.2973119807718954
0.17374812194167025
-0.591701669471305
-1.5722308480889386
-0.10707388036000116
-0.5254108403222524
-0.6959710968106095
-0.10199839390150546
-0.9129194315185032
-0.32780138123217967
0.23352932332360307
0.7916167151798046
0.8659065897593469
0.8998210994975258
0.9367093507457571
0.9060972872912596
0.2623567890628974
-0.0328628643350171
-0.1925748974152539
-0.34706854963541794
-0.3257279622785094
0.1553520562702452
0.3400072539098529
0.08137613084848358
-0.32604699232104106
-0.19785218694247547
-1.9374380354500458
-2.746012919400091
-2.690661104967134
-2.767714534111658
-2.663854130864387
