0.2682545672521405
0.26000590361338927
-0.06905626089366651
0.09156779007911064
0.2714109490654064
0.19877398716316025
-0.13506733668065568
0.23545488357945843
-0.0660262041227834
0.28739886772254575
-0.5725598665225557
-0.5524115755058495
-0.332497740596435
0.09408068948109172
-0.08724634681306223
0.030504304004619343
0.26787204479302273
0.38748202848655144
0.3789967913813499
0.7119546482900176
0.673677731696566
0.7156323485049656
0.8890990104856975
0.9767898797067185
0.9216206693877123
0.8062466660507059
1.0105503948586945
0.5561169744830436
0.4310578023870755
0.30505310890914794
0.34175851710536953
0.6743509848823357
0.5008921437017555
0.5346001844324565
0.5624223055408284
0.3149550014271614
0.6368566275322974
0.48376239942691757
0.49956867226241974
0.5252814838249471
0.6813967269361978
0.9280765305913923
0.6631732096136527
0.41095892428034697
0.3941411577828131
0.14353768565824054
0.48705157321231063
0.7266083001793142
0.6843089944745541
0.522443813679367
0.37887896621018935
0.32527480584476565
-0.006590884576677447
0.3642462292581967
0.19335426794507526
0.36072155267375994
0.4356924234156161
0.14229330529282908
0.814367593183815
0.5879394633902604
0.69045061342676
0.11996270047652474
0.09990806908932331
0.11485268940196591
0.35726361855264666
-0.04696274592238059
0.15640627477679997
-0.3348228917783278
-0.6350783708331259
-0.3222577803056341
0.08957151073725311
-0.38808175185351274
-0.05256655542204791
-0.009929084535088228
0.540665709962276
-0.13409938585917916
0.21016480600952503
0.6154398922558943
0.8191089639048132
0.7367951496580851
0.6801164843140215
0.8948287447683416
0.9647209663440235
0.6319581630544908
0.8645210693089636
1.0035108797463494
1.1648207112922273
1.03973341768394
1.0673470332127917
1.102206228039062
1.26018405180295
1.0627955984630715
0.8403866352065252
0.8230527172270077
0.24893247840780963
0.38458372742447255
0.5851986502074293
0.8159821866819899
0.8169239945939641
0.6986907916329033
0.7370517940725252
0.6795528912522197
0.8197141056863355
0.6720125956165371
0.7989270768039656
1.069501815530463
1.2256083051108941
1.0915228080494952
1.0825480797408376
0.916030398158775
0.9133355559074734
0.8443615679697316
0.9187030946878376
-0.011736037095791518
-0.34989983592325224
-0.35161179902351974
-0.3726743605010806
-0.22116149955214068
-0.11004674878342482
0.014464250526900979
0.1893637182997916
-0.14903768780982796
-0.3066191792441541
0.1735946007889413
-0.03751324693895425
0.09675822930510669
0.3449848790507929
0.5950080086888815
0.7948770858525491
0.44196391448833006
0.946745023089864
1.2648141744709784
1.203124021475401
1.1030006235376666
1.1992107256990927
1.2386230920066654
0.8191798544858466
0.7715524240525415
1.0165831760058752
0.5986867627814212
0.8395450355260401
-0.947402267739583
-1.4013229833627276
0.10783129525359314
0.6244582677930568
-1.2509291121412023
0.4237692034103768
0.10426777346478566
0.6163952725243822
-2.0475808006999037
-2.749151783762404
-1.5478187569331672
-0.977062087029446
-1.8748233792545062
-1.788008407220644
-2.487884855980745
-2.3196991582718773
-2.2123236611109824
-2.0156556595365993
-2.2862403748782514
-4.179626167922551
-2.286195704169283
-0.6372544747060328
-0.1634202540675725
-0.29299359140938525
0.06746539385625833
0.5491184510238347
0.4583803044744188
0.6880166530441649
0.7483333014002032
0.9067055257465804
0.8391566224135325
0.3455248503034549
0.979959833511125
0.9722461818805956
0.9309700313567646
1.0403163587133457
1.1714771391497276
0.6361166352982703
1.0358930459883438
0.6494249623567796
1.1221081662855716
1.0281777785977981
0.0771185053521839
0.6032656166159037
0.6792512690781289
0.8248782320363552
0.12127108836832995
0.4915487820674602
0.41127892670522725
0.5688314590115936
0.8693034628011411
0.7206191626768181
0.38998335435479214
0.5770452251559327
0.14355650067567705
0.07880420790326109
0.1722483587528244
-1.0731917578434063
-0.1664565742995039
-0.3595547244274608
-0.10231890620904105
0.2051231740083188
-0.29506647516503326
-0.6077225702074369
0.10797452962512366
-0.16793514099541557
-0.27035017090677954
-0.5879370737113462
-1.137914968216162
-2.6813923915612805
-1.4866735334021288
-0.4305349890879592
0.03828760363892392
-0.2632540387639994
0.2053073408414291
0.3700954395716467
0.22797063747906998
0.3470839740591184
0.27545564157139746
0.5842111783333617
0.7474858732291185
-0.31251311971615137
-2.106273319409425
-0.8951791158050709
0.18987549026720912
0.01796114015019523
0.6698866442466955
0.502839932954107
-0.008555009113169088
-0.21197413052688435
-0.9733532276956555
-2.014370012975104
-1.978473596212146
-1.361885280378965
-0.8165799831355716
-0.5931765163367944
-0.34787500605000654
-0.30073089018279464
-0.03417662421893808
0.23107876168808061
0.40164578593873845
-0.7087493166766949
-1.900794250386304
-2.2125598236026565
-1.6113909504378117
-1.0041980584792354
-0.4751638312498969
-0.7774273855833772
-0.28823403602143594
0.16483669027692638
0.4588683741406345
-0.02325901905393124
0.23987741506489968
-0.9796376371131426
-0.28035228857237127
0.24344460959661618
0.3482882577308948
-0.5251193574901425
-0.05490226335631787
0.06302264138725439
0.24388001205191112
0.7665418407519897
0.2699265996125938
0.08755037730581877
0.8439976795784063
1.0293536647950325
0.507317774551096
0.3675380050064867
-0.33343614806186833
0.3627205262823059
-0.4623351562658053
-0.05075077422623314
-0.21879067294275611
-0.38597932874001734
-0.6946411305098825
-0.06107787203323034
-0.7376081531700446
-0.8212448227216945
-1.0876685232785734
-0.5186227081053472
-0.960506574410256
-0.8041694135371984
-0.9865845046535435
-0.6107754308020146
-1.124191330150222
-0.40492939572884085
-0.09758261394287648
-0.06899800706469023
-1.4664348652582464
-0.3556134262169708
-0.711700237965667
0.22708245218745482
0.4244924964574657
-0.1262823140162157
0.1869314504208276
0.09747610366871517
0.565864588900616
0.6568566386078428
0.7428710758304278
0.39455293838357774
0.5973265910337231
0.05631549079651543
-0.6670305326521255
-1.479633936105554
-2.3133302664240816
-1.3443190408208487
-2.4346054533411907
-0.09568468601786062
-2.3969862426325763
-1.5661020250402704
-0.342799186679172
-0.5340401784627846
-0.2107465629240839
0.24300460000976798
0.0997052611100423
0.49520903962533747
0.5326542196397547
0.4520281189058545
0.2826237291037159
0.24966271021965414
0.40478735656694675
0.6347451016605452
0.8482924695604055
1.24905667176319
0.23866528359566064
-2.165464915854052
-0.5236752409813971
-0.1863893788805631
-2.704150276657338
-0.4833908428098954
0.10714989516556628
0.27993935255947344
0.2006701865326777
-0.22674054830820406
-0.33302601970752665
0.0811343184971568
0.2559840991838087
0.2737373216984623
0.2272743725915638
0.01578799008448395
-0.20692687157078443
0.5116034017395844
0.6285012242541801
0.2994735006815715
0.6054002967184688
0.6946162936653023
0.49078256981863366
0.300755966717999
0.2145819137569681
0.2796139058542193
0.05908958452041346
0.26134042360004006
0.6149887971618337
-0.5169305326879734
-0.5300594420444821
-0.1123063109723405
-0.6494366775663423
-0.3265045005566403
0.6736246231894879
0.8276358754618933
-0.4638559908797313
0.08794833379946432
0.4725764390412446
0.24054706457869746
0.7130480152592278
0.519248458726767
0.33208189819057754
-0.09808854109186438
0.7335366115563378
1.6912100177680685
0.24578770113286008
0.5111370555513458
0.7304232155069192
0.8064236343879758
0.9477006439470492
0.6408897419057988
0.9279666502407118
0.7716739044090861
0.07125078822611097
-0.26796470990079513
0.17149231797732062
0.48045726515658627
0.5947916663986091
0.6429498289333183
0.07099926064226902
0.4798606578434763
0.9480721468053181
0.5006696362137155
0.6493436466433498
0.6207017754069578
0.35504948090661337
0.4897482435920434
0.34706569569006285
0.5592354677310611
-0.300282471978447
0.25889773117697557
0.5987634010911609
0.607148133347459
0.4950173598766019
-0.019651894023564043
-0.7753318910748432
-0.33861979261316927
0.13459653394124388
0.6064409259116262
-0.3110264861445017
0.026230685629267225
-0.06286141683616281
-0.35102828183412593
-1.7294258162151437
-1.698694632088532
-0.5732726826238806
-0.2319116025256045
0.2893786512186318
0.06956896621897313
-0.6283392571249312
-0.5919206500398009
-0.13467288829114454
-0.17282396178106918
-1.6789241330626403
-0.4877467001274269
0.07699058234212125
-0.054910096255238516
-1.205803968507192
-1.357316951641816
-1.2789887452863788
-1.1401653937781246
-0.6715178655799467
-1.1278207792604702
-2.0060224246678766
-2.2140980964455705
-2.2648089553784683
-1.986271219328148
-0.8007791127446319
-0.4886271951977249
-0.17385481497699992
-0.48360382824523784
-0.46277342591085885
-1.0994163709736195
-0.6720640789573538
-0.04003482347485926
-0.7826073355053507
-0.6856505164819482
-0.43285758526750506
-0.06358301163594868
0.29734878452122904
0.0676967762944708
-0.6590424390411724
-0.38502803812490904
0.059253336087891406
0.3988112698573557
0.26231806504454824
0.3449676994825355
0.3768314476641319
0.42310252405386417
0.36689429137864105
0.25594982223276064
0.5499329268899411
0.5521825074969773
0.27789286504231236
-1.0023749563227187
-1.799741853065792
-1.3531972666038157
-1.3649750046339615
-1.7323161389670636
-1.3545095521665016
-0.36196332723945
-1.039893733751316
-0.761475949609701
-0.784575335679522
-0.6649014866053222
-2.3851291700530926
-1.3897857099640882
-0.7429659301480385
-0.37572317184174786
-0.38027233752903566
-1.4552801397643658
-1.703455675202513
-1.2637397821410488
-1.9672340126459484
-2.2637365503526343
-1.4739526801742922
-2.606636484187477
-3.2701147475151804
-1.4204469739996701
-0.0011466993953189175
0.05814461002028437
-0.20309725361011796
-0.37927800710152126
0.1056319280532464
-0.23057270607496994
-0.1507912671277237
0.3473269965260125
0.48140399266033906
0.49044175120717226
0.6206563242420651
0.4453835559354574
0.6537502476036934
0.4657442566617551
0.3765042804184383
0.36575766654758
-0.09134197986191855
-1.4974434764023976
-1.147478062699395
-0.7507749314163021
-0.3358815211706402
-0.2524506617769708
-1.3864598748349488
-1.0413760281790096
0.1930580042627449
-0.4256736427492456
0.33780581993769343
0.5960259246229034
-0.41795949175607977
0.5268001473882802
0.536915444573214
0.8726986655849931
1.057294190054306
0.8304036713215097
0.8238516330772765
0.6298008153301355
0.7133607257858641
0.39575238392459644
-0.17325373419113116
-1.6871924538036156
-1.06254239588073
0.06323580810185614
0.5509460902804665
-1.2680659694538545
-0.9333838990532659
-0.5018409917936685
-0.004723571302561569
0.24362345554378673
0.29249213266677687
-1.5368309878068962
-2.509458387609146
-0.5006082947275616
-1.7088992310266096
-1.0921971968062663
-1.9058386678246573
-3.2239803910895293
-1.1784498113154354
-0.7019560645491548
-1.224835545932795
-0.2635220289415383
0.3349684921164602
0.3041025853364343
-0.0943141409196454
0.358591665178118
0.2904763075526665
-1.2296716448740517
-0.3843640778223635
-0.17797086354205507
-0.23370907952106573
-0.6327044873527581
-2.0754015664254175
-3.3584362419858533
-2.293244447784682
-1.8433919019344822
-1.0790762313028361
-0.5355002070656578
-0.5852519207211613
-2.169029254501006
-1.5115244365438065
-0.4521145293894018
-0.19352038003099153
0.05027815169686256
0.3913072453523381
-0.23667007698884324
-1.0409188922215629
-1.2338844218115201
0.047197920399137894
0.47107884204994943
0.18582905945923
0.33252148173670704
0.07552223680793341
0.33757073179617203
-0.027245919113526473
-0.005268462835541832
-0.23465095030911096
-0.41393117116288836
-1.6480899591643898
-2.4120578280338427
-4.079466271342255
-2.7562088822185284
-1.4013799369665922
-1.260833464107963
-2.196225509771743
-2.6549481834885773
-1.351420402403868
-2.0582778646891264
-3.147686639552673
-2.110032033436266
-2.4392030725222598
-2.0880464356021156
-0.32422921815059624
-0.9490057544086006
-0.7527385539628604
-0.494318676410156
-1.0860352709611334
0.03340478380126799
-0.18696464165892288
0.19305682879140929
0.632370459040615
0.5734199713328479
-0.004274535645831357
-0.5207554615571744
-1.3436967189583975
-0.7141734323777365
-0.24735522361813317
-0.03826559279929065
-0.20009986823253972
-0.5957407157008323
-1.328625073180522
-2.75855342843779
-1.4343971689154746
-1.5049703515599644
-1.409052206385458
-1.0145505086082198
-1.367622659453691
-2.479139809118888
-3.5087703778528554
-1.535566238790941
-1.095686649210981
-0.7929182650853557
-1.877121752640475
-1.333670348533559
-2.1175377227125836
-2.0610802904656094
-2.261116529829428
-1.186685652189327
-1.2998522968403734
-1.846455514133429
-1.7526559678950175
-2.271468647881003
-0.9109134206523524
-0.28703107019691865
0.13707008542816718
0.09727101571280183
0.10092619564892946
0.04433290191354761
0.19828741817799855
-0.11282408052644313
0.07657243626600263
-0.7255754923483868
-2.5950713069538773
-2.0513836583225826
-1.0235768307317685
-1.4314071734696294
-0.9072576378964541
-0.9751856265953094
-0.31332856964734646
-1.1369065350825969
-0.8797890364058925
-1.2418147345677233
-1.9298061121639434
-2.8233036618698852
-2.7468514941131192
-2.213168866227095
-1.0396685674371577
-0.6903513473345173
-0.19595512266959147
-0.23639845283299254
-0.18483744884017073
-0.005856952362363443
-0.5942502842966491
-0.20257959123717406
-0.19455407023003976
0.26124029827755546
-0.08289718719489517
0.4238889336478283
-0.2624079575350245
0.24531768343245985
0.27673579097096346
-0.24687081029883032
0.060953609092807115
0.15764358816427387
0.2681246561626932
-0.5911020042776707
-0.31234163064952836
0.06798952723760787
0.21220844197130628
0.3457859798665208
0.37762970374614424
0.0062534330296646345
-0.40539157818206795
-0.6844704606341793
-0.605814192897363
-0.41907072711285503
-0.3668212194735781
0.2158858341208828
0.32878656718405774
-0.3121394870245154
-0.3249456831935623
-1.9406696423074252
-0.297403312579399
-0.5195544781929609
0.16603338985529303
0.07006955879992716
-0.029621082306037883
-0.6552639552885877
-0.7253502017558073
-0.9531280185611992
-0.3883881318973822
-0.538464924362161
-0.32760696177206067
0.0035845383326878477
0.23924609317539303
0.27597369694266793
0.10494720988802109
0.20727483925532453
0.06903891421254904
0.10982674344214
-0.0995570820328216
0.11807913163442108
0.12278569720202082
0.23582613148238218
-0.03780741936599702
-0.46448655716374065
0.0163159586206974
0.253318445853733
-0.04033397095350072
-0.053634701042798244
-0.23436072334847952
0.16362464613088257
-0.38760737737272705
-0.12156682824698906
0.10713458594925629
-0.0383733871779966
-0.9238389427782869
-0.6085817157583193
-0.4492748864611914
-0.17662536393502726
-0.19873921315697612
-0.036128164540873586
-0.24308078587661563
-0.24587357644270422
-0.28360715807539916
-0.7210524734097985
-0.8408245077251923
-0.5181755371355934
-1.2892102587935428
-0.2995951671379257
0.3486318001745661
0.36682311635894926
-0.2983558692067073
-0.7278909642820053
-1.5456137214623547
-0.5826140029687306
-0.29399452607376747
-0.21899691508445263
-0.3261376241355033
-0.011326140418154718
-0.5041286456970434
-1.838818724736439
-1.8836263880359136
-0.6854898875342247
-0.05610137686616434
-0.16406876868182518
0.273718865136792
0.007203724508952014
-0.34743834209597085
-0.38302975786735977
-0.22197624021078707
-0.031499675692397255
-0.08266887899924602
-0.6718873371920574
-1.2705416582366829
-0.4329139435704216
-0.5418326027257194
-0.19844004531089623
-0.22429666075886198
-0.5669850375520463
-0.31630090735671473
-0.3125634701116817
-2.171368049191813
-2.4543153790930887
-1.789129893180863
-0.277855988096503
-0.1786022152629439
-0.5646772807247534
0.0711416749307493
0.1843594984404588
0.251090140484562
-0.03661183010140728
-0.5261649003421576
-0.7599652432970785
-0.44970307471265625
-0.9061588621884091
-2.3737315410277264
-1.8487139146860188
-1.4273939779761553
-1.4940225688386362
-1.7443342287837302
-2.941720203338839
-2.0891272836587977
-2.3886797726588673
-2.972905452884143
-1.3991746379286074
-0.7690174769495264
0.07425026131397172
-0.02126347473191098
0.1518850228152654
0.08929107765449473
0.01246416783710419
-0.9297059647444308
-0.8516123536922604
-0.307344932758689
-0.3003671059608357
-0.8056115410103958
-2.003400753864571
-1.4546920550257387
-0.26880474596862136
-0.1050912073240158
0.3953874281876395
0.30790315923687284
0.07454694982352866
0.3410044230102539
0.513959106110909
0.6375397729300629
0.5883676474478998
0.2528931559170082
0.4452535675695489
0.5442621968833391
0.6562685868812137
-0.02171235442516034
0.25570098626430027
0.2710581062092273
0.3526188422564065
0.27617405596538425
0.19234113638784472
-0.018905756890845893
0.37065956382570275
0.359436200688816
0.11792708785276873
0.5187898169971416
-0.11080695646786792
0.11526409833563844
0.035589864252212056
-0.15911268415785798
0.20606413861855177
0.5037527980167639
0.5226388891459788
0.02111198032302697
-0.4345257702740284
-0.3520252059330144
-0.879412199270383
-2.1126218664764913
-3.19845927938243
-1.4332284893400202
-1.3520470907587736
-2.838378220925901
-3.6294096605713664
-1.1526939096290603
-0.15214385232014982
-0.426788107879647
-0.19973745491159
0.13275291976624415
0.035608459987985286
0.09102944930207824
-0.948764490630218
-0.8849924203768299
-0.41725537601473733
-0.2265875332556468
-0.3739826712106831
-0.26359316252092996
-0.8876708684961544
-0.2202382169840892
-0.11454842292531062
-0.859953965103606
-2.0797287819351817
-1.1097694718126332
0.0802833736719834
-0.10524013394606047
-0.02125640214180685
0.17235642183908334
0.4844363203976222
-0.21970035358077594
-1.2886314258186329
-0.8076620321206119
-0.2537931938287732
-1.2278030293078503
-0.40884564999461626
-0.009270910189471682
-0.2548151047585154
0.12600644587052484
-0.02917317848208484
-0.0041186614690802426
0.17835070705775224
0.12939643559817215
0.07656101841374308
-0.18184263238944914
0.1815988122183752
-0.25984552766648444
-0.07268697097964621
-0.24200569276718822
-0.0859717896065732
-0.021122316256992735
-1.3674748232423615
-2.4819657730466034
-2.830858455613939
-1.1749345716838677
-1.7373964264888497
-0.4793043462613338
-0.552163136033796
-0.04028117660355568
-0.19170546976583042
-0.04388969753063454
-0.36602511877193045
-0.13522240189629806
-0.21067346316065544
-0.08440796135868323
-0.9973062414472555
-0.5788127245144645
-0.6269569038777525
-1.2483143489810624
-2.701159850569673
-1.2969433429486075
-0.5154337289797646
-0.9743575626402606
-0.7660744154057281
-2.1427469500107366
-2.532485068842794
-1.79357166421478
-0.5907860755695394
-0.6870645645318989
-0.3292755651627616
-0.7999135167326417
-0.8040269754490306
-0.5182793302916635
-0.31368624093807085
0.00887284436086494
0.010885010509689652
-1.2806776414995964
-0.6083632412412435
-0.031054860589756594
-0.054044216558035374
0.09914684674018881
-0.3925644483546444
-0.801848669122219
-1.0633552271435707
-1.2220662210925441
-1.0754466619639713
-0.8037589330003215
-0.5313494895170542
-0.7811782318031519
-0.3846569580016665
-0.35898476325330886
0.176313209827979
0.5297011982546338
0.3751313142502397
0.523827984727094
0.3973435859054595
0.5767833656094068
0.37637230281840606
-0.1782266597128061
-0.284018971227871
-0.2422689025403388
-0.8703122422317435
-0.18231780585740026
-0.31359974170254273
-0.15905135042384663
0.25509158804278287
0.19854006886402764
-1.1410997799211464
-2.004659624988391
-0.2998304346700934
-1.305149979859008
-1.4987449658704202
-0.7329338491841513
-1.2586057812702127
-1.042611596013146
-0.38379301755593886
-0.35119783628546386
-0.5722627211205784
-1.0425148234937218
-1.4619638186894526
-1.0059693608628135
-2.0750261940481707
-3.031940325226025
-1.9697489332217462
-0.3838039626209996
0.012435980590136564
-0.18720086463745228
-0.014289922098526753
0.13105598824209597
0.3414769138357411
0.22822106488342442
-0.18118928182325622
-1.439884572212589
-0.35319354728627006
-0.014868727941527604
-0.05768286916736576
-0.1967397007217075
-0.9687468416157561
-0.48619109705162245
-0.501262142351862
-0.0172142841606458
0.18803428109928827
-0.056218566339522574
0.28537851403632863
0.12703199690784306
0.09852131007733839
-0.33501591454198165
-1.0001735245544046
-0.7664213598344721
-0.9554386018454749
-0.13518419214763522
-0.09607851176047738
0.31445129272038186
-0.11507123823779047
0.32297646371207367
0.5702731782111027
0.6941209552487377
0.5668326266216608
0.5438132029737981
0.9043517843796627
-0.5387058161369345
0.4475363356914547
0.32949501233344125
0.44828698805034883
0.13880565381588827
-0.10172100737094353
0.3030863241771685
0.0029327879371569
-0.21115783536941157
-0.464032889153279
-0.10618548337147546
-2.392642129701562
-1.6493589461282223
-0.3655681856668845
-0.3810436501068147
-0.049659392111102985
0.18041206275868077
0.43514626597910366
-0.7122128860008936
-2.730645811284424
-1.2653585576403243
-1.7368661193831563
-1.9460388323719127
-0.7939124334505427
0.004015165346006877
0.30838100066313556
0.26009495048571074
0.08001493922055747
-0.6247633462789515
-0.25652398419542743
0.04198020900143412
-0.03678350142852094
0.1261972920333252
0.3097311478728244
0.518977928130071
0.2666843815716421
-0.3469884673292344
0.1321156295817601
-0.9120816346359231
-0.16704889184917235
0.09481717283262159
-0.1697081906286645
-0.8675239312080677
0.0771078989581861
0.21024145744183043
0.02681962955559103
-0.7134362133531674
-1.2210204444698358
0.11910097032132927
0.6737569264636649
-0.2355574176422739
-0.6320909017447318
0.09035147053477044
0.3806432527358766
0.51361660339265
0.3775096709827521
-0.5073699137621732
-0.2062235657881512
-0.09671096311803656
-0.07428824051343269
-1.676900238792731
-0.36113489519264524
-0.39903604804617193
0.0973207286515223
-0.09204406223831879
-0.5066858688440768
-1.4852099065787392
-0.27267698476347835
0.41785753047172536
0.485389376266671
0.40416636440615117
0.5741922343793586
1.0280512633530277
-0.07139937796138968
0.24579156418321502
-0.41703456575216297
0.2004462665249936
-0.26449027764008376
0.7602964006976198
0.504753496984643
-0.5447124507366901
-0.016734718817803973
0.07976471751422992
-0.06785700255293053
0.16735784349292615
-0.3393674865045786
0.6155121042290449
0.8644966437411234
-0.05400377841079751
-0.6841085212389915
-0.972317455532119
-1.2796655912197221
-0.8397334216270855
-0.8565595416736281
-0.3570236204810263
-0.17583740914906393
0.015610651805297915
-0.07450070723221958
0.017271975094261427
-0.616206574567518
0.12808086970751653
-0.06713579076404619
-0.3719109520209277
0.15261538544240943
-0.2245057868712142
0.38244079584059976
-0.04295581241583574
0.32715832742587947
-0.4270996140105541
-0.7644163876504466
-0.19678687782356585
-0.13690382269258372
-0.13258255803004096
-0.4581250207412867
-0.8428137030471914
-0.4517049886206489
0.07692701682634728
0.22194347369775524
0.5596068223934427
0.4001664009307462
0.10773601032687219
0.3302660841299837
0.4851763967004099
0.7729452726192689
0.699079995714122
0.6116639131798736
-0.7589732229855477
-0.010185504034400661
-0.6125391272266294
-0.2932718026812746
0.12558330441471022
0.23845386175351269
-0.26933769124550505
-1.0515671681678622
-1.7844034260752637
-0.9783806454541235
-0.2187008779295433
-0.3043094907390542
-0.1495598908913081
-0.005286589475402503
-0.49327645747323345
-0.5150608268459337
-0.3456094720141264
-0.0897078521199178
-0.020781491451217604
0.2509922057772438
0.11364352255732807
0.7317126454991572
0.895286261430633
0.7887170606520284
0.8632647548647163
-0.15635933679761393
-0.44022789410871044
-0.35563577152604114
0.06326999884712103
-0.3828914248251122
0.08347693405282186
0.5158382182009538
0.7731669177187057
0.9082094210835621
0.9230808377771607
0.9736607253122076
0.47529882742379637
0.8725912712551114
0.9103702543887278
0.7098918710673723
0.5966559798449043
0.5815884265842246
0.32016998456843304
0.3540758518949898
0.49370476377835426
-0.213888341823482
-0.20375084911989316
0.04202473714270605
-0.43353197882346384
-0.5425175585095301
-0.5808168677821235
-0.2631680198792188
-0.9014456493224083
-0.39954604421595596
-0.12835937966144717
0.13390375303523894
0.06102074952574549
-0.27664104901813225
-0.17397026534061644
-0.049912297873477895
-0.3691800737020959
-1.1811631174235204
-1.4644434417280492
-1.070495502879763
-0.8100452016908761
-0.5786122291414241
-0.3858825008529222
-0.4888477476291256
-0.7605583601708443
-0.8580172620465326
-0.5023875498049211
-0.2688193524158875
-0.14421469712102275
0.09979515056963134
-0.22390142051683032
-0.1224962615818112
-0.08181652786937627
-0.5273210893932062
-0.37620531637745463
-0.5159015328069783
0.32597061693047313
0.4423298020193661
0.4363295577020916
0.40624929484854433
0.3419757595541114
0.0982796973916919
0.41664237039774665
0.34406491480163426
0.47527372329397455
0.5802555244315317
0.3534856200907667
0.3071594124539474
0.4165273450133882
0.31681305635691603
-0.3174129743901862
-0.32384452422136556
-0.17366804844266653
-0.3911258555811786
-0.21128427203702008
-0.2421019320860553
-1.2701571966189837
-1.8517128303840047
-2.05943060089659
-2.523855285671213
-2.4395230729047426
-3.007858715469319
-1.9780528466610245
-0.7704722937848187
-0.024732021141778526
0.04209674100975114
0.23852551021166124
0.13418880016319312
0.28160678141082374
0.4074211208753331
0.5228065685370515
0.4786711853096792
0.19733120487227762
0.24212208287580772
-0.009169018697165354
0.26279140031122084
-0.18181260762308604
-0.2309720781468107
0.14476618598416285
0.12648438018597408
-0.002934060588231202
-0.5779411642145296
-0.4168358821110509
-0.20987680090911204
0.2878821775038376
0.26995844807281055
0.3347530770333118
0.419960903981506
0.31858577899975193
0.23733966561937592
0.45640314814292804
0.34424578543870565
0.09396565030393711
-5.314821333137844
-5.605859074668006
-4.264661361247914
-4.997382658275458
-4.7317948024127094
-4.734448164870844
-4.017711017487789
-4.882894710798762
-4.409587706165045
-3.9406334400762657
-4.070023982460207
-4.227617076416821
-3.8207283190539596
-4.1926197034194
-4.501102972886641
-5.490417529868825
-6.015801840347069
-6.0827596445265915
-6.353768395293787
-6.288081148602199
-6.534351921231816
-4.94134840048933
-5.209777725715132
-4.434395493507666
-3.9806376331142714
-4.601136754187538
-3.926707120343909
-4.654084565097387
-4.678998315072402
-3.9154053048643123
-4.505584921527133
-5.076584334309039
-5.2123449263850805
-4.945765197766894
-4.739196554891729
-4.884385655321256
-4.242312266737553
-3.992556362031537
-4.505827757380765
-4.016639770988755
-3.488355277829286
-4.036553093812669
-4.538045058876965
-4.519064952237312
-4.747621828154953
-4.52589553831833
-4.215394195983989
-4.032151117374497
-3.8139451972072203
-3.616813027796907
-3.684569209023888
-4.172124407563862
-4.226470835787657
-3.9932285216128607
-3.357923333165174
-3.6704132146586574
-3.9995427880503645
-4.248513743011157
-3.5484763199172047
-4.010369057802867
-4.197252946949118
-4.270710134613767
-4.547382407829564
-4.393924831788768
-4.041662892091172
-3.7750663250168457
-3.8792872170565054
-4.3557917892048765
-3.935564343861924
-3.5308511928578743
-3.486479968503445
-3.394120015481409
-3.736532360121722
-3.869981110709931
-4.0083794234680905
-3.7946348102397556
-3.46825442370277
-3.6851597949554096
-3.6978052997901916
-4.166744150270758
-4.334755348678147
-3.7787071182027168
-3.5504889551708456
-3.5233889172644703
-3.9192463224490224
-3.9098458521048483
-3.913276264282532
-4.120879029167858
-3.535346087587767
-4.19601056454828
-3.791675343964909
-4.235613980990275
-4.2932727396897405
-3.3824725698580727
-3.7772131178249913
-3.5883178687928265
-3.7056215340927148
-3.434408285168383
-3.287328897069109
-3.5887488277861124
-3.4458379437057607
-4.345814144109997
-4.282743529107927
-4.777441874886008
-5.5140986487435955
-5.842790285223431
-5.301984302381386
-5.084043713785378
-4.691215794449923
-4.7115643310666595
-4.336887746853788
-3.8220684786695065
-3.70177194136311
-4.163877041569938
-6.418437872690011
-6.377300713616098
-7.927958946903128
-8.182023378897076
-8.54863460683754
-6.953733729963023
-7.249245152980083
-6.858951692534163
-6.673533489804766
-5.675405980269382
-6.233038805775203
-7.081067161832465
-7.209308843086696
-6.212470803569089
-6.940399815417948
-6.911059794216929
-6.168516220088021
-6.677702369479974
-6.10774417244915
-5.85330819581451
-5.636146378044169
-5.713584678820678
-5.2679895892364215
-6.240476116456713
-5.254395397802331
-4.932623263544994
-5.158500604390224
-6.32678005704463
-6.059078741137489
-6.446977673353478
-5.8448236374414275
-6.149924442691052
-7.006769892985125
-5.6801560718332
-5.741430051514687
-5.707671736405784
-5.409904955674225
-5.7361703528142565
-5.8397246683806605
-5.36057339568423
-5.270837575756116
-5.272223308534419
-5.091517054964249
-4.691188333906916
-5.342913651217695
-5.294859640460221
-5.465994475588214
-4.997654472099089
-5.138451376119238
-4.9165651854267
-5.888749367369743
-5.839373898546579
-6.115305310546793
-5.243008781813633
-5.442742272697491
-6.17680360247806
-5.345055146028544
-5.517856642079282
-4.836016455077309
-5.5112768108461925
-5.57287818982106
-5.744425490145148
-5.455628787444191
-6.051274796698786
-5.856284662605695
-5.93945424625201
-6.001071659022852
-6.026062368844304
-5.725786283369855
-5.4705432208813285
-5.190286183226683
-4.734584021014056
-4.71297799329411
-4.450716460636539
-3.973699396921999
-4.431436621740744
-4.545959532173472
-4.348714406020759
-4.80826700080467
-4.384410202156718
-4.177935410319879
-4.149472788074872
-3.823931782884445
-4.060451083835494
-4.313417761742515
-3.9116647616181437
-3.827514612329193
-3.735474291895472
-3.8717332375303184
-3.8137865443412906
-3.951695906187641
-3.8456619530728933
-3.841555008874765
-3.6872380685651556
-3.6699095027179007
-3.6111201405235636
-3.5287124610399094
-3.383432264131005
-3.3494168060411886
-3.740718062730095
-3.2966867639372848
-3.724807381934843
-3.3618197058953414
-3.0909339313000515
-3.8381439178124217
-3.302631191309249
-3.6312164170674084
-3.3842569766796693
-3.7406397862608314
-3.462095951670015
-3.6316085426335487
-3.5035543568034226
-3.5948016166785206
-3.235222568973
-3.3735445908206407
-3.2102471929241685
-3.293933264262779
-3.080312524484853
-2.976533978439327
-3.2037304478710658
-3.5535401119601415
-3.182392244019515
-3.352442840581019
-3.451385413369417
-3.362908187650495
-2.9000376012237843
-3.2214289696679446
-3.4051210553259277
-3.481635615835344
-3.584211306900968
-3.3578059703947503
-3.5762258166482415
-3.218056564142196
-3.0037981624078407
-3.375502211488715
-2.948799365992034
-2.9860737089100704
-3.2269610528311525
-3.136807945875583
-3.500274853805373
-3.294550848121766
-3.3067528703852944
-3.4159571714908226
-3.1938262814812766
-3.2821398012919327
-3.2901020321247794
-3.0503408127517075
-2.7349446417221155
-3.414631236040745
-3.0312395220496113
-3.1582773583418353
-3.1821260511575282
-3.512115375555627
-3.2179582985201725
-3.1656392225889127
-3.4391782625316245
-3.426369952971367
-8.495927613017969
-8.662758031340262
-8.316197633930166
-7.868328432131694
-8.280945776343758
-7.906403761459727
-8.305550608595667
-8.061369673454625
-7.854698727931638
-8.205443489662988
-8.047996758060869
-7.85550698226748
-7.6704785413213346
-6.619805653916048
-4.182561193868472
-2.5645093681126037
-2.0090809343477023
-1.6194876655367803
-1.2190313044015644
-0.9605833747863692
-0.5788721656863502
-1.0112040048129212
-1.230637431459113
-0.7980729502071378
-1.7576997962380947
-2.1598358311572365
-2.9142347767329255
-4.340043711131047
-3.4511221123017215
-2.10268919945511
-1.0325206441935162
-0.8511193947475826
-0.5218533267269341
-0.32831432042015524
-0.2706922630417535
-0.23974686537605946
-0.1497234836521225
-0.15425960218141518
-0.03827156656215347
-0.11808496526630863
-0.4638892302578379
-1.1724968995121066
-1.3594114184162982
-2.0176333559049686
-2.081654382545466
-1.6670072299223122
-1.3039936919077568
-1.2038031788484362
-1.7006333493043257
-1.5003462463230373
-0.9976966267463658
-0.3166917419588282
0.20593887974913527
0.19158405897545144
-0.23588634812483225
-0.05832231850056607
-0.48115037265293403
-0.7215664724087644
-0.5734340122368297
-0.0011681429379461483
-0.07296202714664618
-0.019970645102069473
-0.1779467087440028
-0.8497443674644862
0.10236533208632542
0.3388684452362156
0.6385302719203292
0.7840071723373554
0.811963573128101
0.6548524955517483
0.7638840513124054
0.7027380654177124
0.9843001608858926
0.9804961505839203
1.0450792698670275
0.8587188619984256
1.0863417997951748
1.0248164974792502
1.0614531514667132
1.0750592118869453
1.4120609471034093
1.5647557867015507
1.3426890329016263
1.5545280448121122
1.5879950757120211
1.1943028148099706
1.658765764705931
1.39598715457935
1.136892125167128
1.132172025601372
1.0729050783856071
1.1181077827844352
1.030139103377825
1.386997015042108
1.3529855830978523
1.5937317027168891
1.5298064859631686
1.0556025070116546
0.16692617381333613
-1.5863513436394998
-4.2782281119418375
-2.9143582862048145
-3.4064868813364924
-1.4747527254473125
-0.1725041664003391
0.09554105508874461
-0.12879808447163338
0.3621059841159988
0.3763233864405343
0.47587345175985674
0.4453391245310535
0.2668331572286551
-0.03293592892185271
0.05296992782702342
-0.03543472290341532
0.3312637858020988
-0.11292048737676422
-0.45959842155246045
0.08291999739657102
0.12823114004892922
0.4746434978687837
0.385525115215971
0.38605107614958056
0.3751187745372042
0.6814558463278779
0.7916703347013949
1.0059304259505348
0.9852402179416804
0.5105414143299181
0.7378264221432067
1.2023055391160922
1.1186522878003087
0.8095016764649201
0.673818881899066
0.681868527650017
0.9437742068985848
0.7808117891918878
0.9974037848926869
1.0805325222983166
1.038226498749331
1.0828849054186742
1.1095899508619678
1.225218122151686
0.9708311199144457
0.5682972039316899
1.069613453872423
-0.8019255517416852
-1.252575303298984
-0.8104154366702394
-0.48376808114628417
-0.42099854675209547
-0.08917851438635693
0.45060031961001556
-0.04041859023262756
0.8457916645980983
0.8218408768273884
1.1033540156104986
1.2544864013164903
1.3251246062634618
1.1987975845918712
0.46416479266843425
0.5370128851130302
-0.2913349260259498
-1.1392907269162507
-3.009008214134324
-2.4873275328826274
-1.0252818245046376
-1.9231139868924358
-3.3572734819683716
-1.7799370463699944
-1.2116029819846312
-1.7341536983149406
-3.1887485811626215
-2.5446681265335176
-1.6889038818737927
-0.8006588892159836
-0.2502008435911657
-0.1725562051839905
-0.11950807404068739
-0.42739149933912635
-0.7212747351235634
-0.21873378103104854
0.29002998103292343
0.5405818755481111
0.7839937221093238
0.7346016594814768
0.9053086510932293
0.7995412092533167
0.8179650689786917
0.36117067293470617
0.5511286731840739
-0.2100586845993002
0.20573739838573746
0.4373969796385495
0.16644049411237488
0.4763881338689294
0.6381533557754202
0.7638486998887637
0.39435856300537564
1.1806749528729898
0.77753805390876
0.8384541697915835
0.20710363055422887
0.4753430931282675
0.23727062797509302
0.1350607715697577
0.07029024337257245
-1.5990130374801395
-1.0488165510602896
-1.2472272329055198
-2.3805800449533105
-1.2307320953679133
-0.7264456911805524
-0.4906512312928202
-2.454716895571847
-1.0532110487856072
-0.9328975608795105
-2.478483170501935
-0.7511507851406131
-0.2924749066715866
-0.5144283307551003
-0.39913631177135256
-1.0968850859322297
-1.0032958475278673
0.018948514502367675
-0.5912858434142403
-1.0758982036839178
-1.881044809956188
-1.452571316290089
-1.606954626596243
-0.6091744868997587
-2.5952374016047863
-1.279322888666119
-1.467253566719156
-1.711688738452582
-0.13022345380150796
0.8454797371190945
0.9035128429229693
1.069949842490792
0.8531304568719023
0.6430153057862816
-0.1735218929609415
-0.8471662349696489
-0.6652168137689446
0.2194457259138043
0.9001495692902313
0.7500674505794056
-0.6535130783571734
-0.5907229245095513
0.2985818055452395
0.6535879915438599
0.8863654588457819
0.8460873360778032
0.9259615953425047
1.1197132741257554
0.7284563762235738
1.2081865893349546
0.832922078227095
0.8573069116311005
0.7721286976217849
0.8861804955897312
-0.7517453571800919
-0.013389041086199649
0.6200751487876122
0.8937166186256276
0.48435270461388347
-0.5474132241440743
-2.9543151354933856
-2.972400228744853
-1.2652194699315462
-0.5207440459274894
-0.10536383360284612
0.16198045333403
-0.2133020465670215
-0.11464921059125699
-0.4069777848227051
-0.28812414591778807
-0.42378894105192555
0.01635174156201258
0.5267203062665946
0.3569941444634174
-0.07461925707309386
0.39311258157618534
0.7775340556125219
0.34146430263403804
0.46763045613752263
-0.6434545066719302
-0.6962213817437586
-1.4312550916082156
-1.9953357145037216
-2.632888748244671
-1.074580543656781
-1.704700230422945
-0.7202753882429821
0.2035963754507032
0.5319460170812296
0.579954675205589
0.3544028590317898
0.36603913480417627
0.029069303500908028
0.4121849882259183
0.7407293438131357
0.36633326115168674
-0.8713819841982224
-0.6741252015372258
-0.09011227456247883
-0.30915136970420554
-1.8158518577104057
-0.8866259971073674
-0.9041522287433473
-0.5265397903040969
0.32193234824765105
0.9310962127160647
0.7411408142013376
0.42332607549867296
-0.2909380035787671
-0.618908611640168
0.2130998060614846
0.30049143567043424
-2.18861239809031
-0.5783338721827026
-0.1682252231078285
-0.7142874296316483
0.16833385462045902
0.24052790494277254
-1.3664680657549284
-2.1026978969685217
-3.3400996732828494
-2.578443157368507
-1.07154908564218
-1.0213524336602384
-1.3952566924079495
-0.928549932616299
-0.5057639012346965
-0.3404925265163045
-0.5739000220229946
-0.21444172296635317
-0.8417534783804361
-0.057007776787435016
0.03769971306969827
0.2576160660164639
0.15403893288791282
0.10485181267974658
-0.3677790375408165
-0.3326812804900785
-0.33206182662267814
-1.4120127592007439
-0.64052627554977
-0.5687946653638007
-0.9105807252521577
-0.2389762474273582
-0.8576531156127285
-0.8980158308395435
-0.3895750444449555
0.38098380609628524
0.6156382807923143
0.5828925403368861
0.4312304021546086
0.7012832823847285
0.17194539059352948
-0.36358159638293347
-0.43135725685301796
-0.4431990766566723
-0.8769278539561931
-0.17579852788340763
0.08386121451157025
0.0871218745334143
-0.6308693238171461
-0.7030203049380406
-2.780033825208675
-4.094155025635411
-3.5317170664670625
-3.4837875326345977
-2.742902375366926
