0.3791266050090841
0.23810589516746652
-0.04121661150897436
0.05236533969023052
0.27828562624792297
0.17427744545237503
-0.018393424974493307
-0.059294995859757574
-0.09910163814384387
0.1585462352634505
-0.699205075403014
-0.7586722877757415
-0.25930878573616245
0.17171303294761625
-0.17360900157068127
0.17717028534853108
0.38773875453562606
0.38067528811800067
0.3092510522801019
0.5676959059283686
0.55829900114701
0.4879472163791343
0.5921762024104461
0.724017385931691
0.7870080389062727
0.7705846152731326
0.8697589276009438
0.5355024206099925
0.42085845597362653
0.3149612645501805
0.20599447358909115
0.49420393202210167
0.5872199897199983
0.6218679909830286
0.5413876045147343
0.37661684659163636
0.56833569305177
0.3563071828200945
0.3614019650720103
0.4776517517643576
0.5027135403631647
0.870194697932108
0.6231260634898265
0.32110331104832956
0.3035886919797355
-0.020858153789260862
0.27794332281436407
0.3390324201244619
0.45908591944272537
0.4090424275410752
-0.0004050448963357628
0.005394631181967327
-0.16186108179407357
0.2679061432407134
0.03530533292222121
0.21187988626863305
0.2693935487333436
0.14962245808431293
0.48726559027106364
0.746472470914206
0.5843383312383513
0.05077706796158024
-0.09393966306517698
0.026218180094941586
0.08296357147288913
-0.16120988512733891
-0.308317072417724
-0.5323744739111672
-0.6224968899950387
-0.5753735082869437
-0.3724991434906664
-0.4245091977759112
-0.08437477486996031
-0.07662341587194285
0.35430367638806964
-0.2325152902510492
0.06150680820076626
0.52583627669767
0.6753823995467986
0.5377064315011205
0.6484047311687798
0.7510073357673958
0.7121040924030972
0.38798397502139226
0.8613508279356161
0.9989536724723479
1.1169602037702413
1.0851023058442315
0.9712774324435327
1.099274314256816
1.077299738446492
0.9114142038243901
0.8120808765438824
0.8424206144968754
0.16548749340960453
0.2190839394847017
0.4714884678219242
0.5355242995067864
0.604727282329281
0.6341832694932439
0.8602925635180321
0.7811733439820899
0.8892061337801618
0.6198258898620084
0.7427884857009065
0.839158428604954
1.0616785200743277
1.071955796320383
1.0439767107571023
0.9513074994545326
0.8326531625183365
0.8074105847110994
1.0591179471579146
-0.2846030905539872
-0.5681584284579535
-0.6684952382811776
-0.5895623656413785
-0.4318839758377432
-0.27569026231760096
-0.007624356332670747
0.1791781970374943
-0.10720276019986692
-0.3254025599943797
0.16774973750662164
0.09282381580061413
0.20879600497252518
0.4271954684956099
0.6725237224444668
0.8296908046206235
0.5937482720680698
1.0863935103149887
1.1379777593171811
1.2532685838641322
1.2015219271511424
1.120882503927775
1.2228502766208147
1.0995590878039172
0.7236663138984495
1.1364689387129283
0.8730172952266125
1.0928507569794785
-0.7849793047990771
-1.2653931372013554
0.4816869071720312
0.8124158098844325
-1.2249839506106086
0.6598177046192176
0.47153519774323005
0.6042449585665507
-2.1329984920187806
-2.566391684142693
-1.1115297468855516
-1.0754607277030495
-2.088727223717247
-2.08114713763184
-2.701896883555745
-1.8661864912637718
-1.6031277394359242
-1.7412572557204216
-2.5173213417702027
-3.0627566008257148
-1.6635656507164218
-0.4630382753335586
0.020059703387803694
-0.11128039736700121
0.2295944684302878
0.5897897465195419
0.5628852340065478
0.8868951090662048
0.9462462606997527
1.0650814639369957
1.0311762496617896
0.6379604859141003
1.2240138221459986
1.2065855865377941
0.8956543756059766
1.1250144365538417
1.2363173027026004
0.7339225890508557
1.0851953858835715
0.8691938551842638
1.1004460054251788
1.190804984118433
0.13239412544521742
0.7508522106746807
0.9236370606309233
0.856168759392462
0.2660014574304317
0.5957150210502822
0.6288038556845861
0.6203068734205929
0.8903582952849485
0.7493705850408924
0.5154742195709475
0.6464387205734187
0.31784345562513266
0.03470298299163034
0.3107419211448816
-0.926279293411848
0.11235317856715443
-0.22519740593907353
0.14902206384169903
0.18032762521232554
-0.2799660907109503
-0.5100729429218255
-0.17109666196596096
-0.5238583566444709
-0.2495859127368069
-0.6622518228451989
-1.2986442454939007
-2.6656064296844826
-1.3361839188969808
-0.4337944349869359
0.13996954750971033
-0.08121652748317024
0.2519702477499653
0.3928294041362467
0.3547687950703544
0.4637708713417531
0.549087429445886
0.6719388969300998
0.9307450914960375
-0.15988510404792697
-2.501558029327139
-0.4751337989898986
0.7742913324780146
0.5791210081544825
0.8455666232108212
0.4297270098676071
0.03133288150348759
-0.005722545962714273
-0.9047184663825344
-2.035746229395219
-1.6923599440294894
-0.7954054237653624
-0.5276616949057926
-0.9051513544823366
0.005208113091194098
0.09049276554701759
0.1863258794959993
0.40227970223671555
0.3775455602024511
-0.9484905061006732
-2.1952025241842987
-2.1828056447736537
-0.9405438234452191
-0.8077969896706599
-0.2532234717074393
-0.4548264309639765
-0.14193757152209263
0.5246820518677026
0.7236594174424161
0.19341912797180677
0.2929587165352275
-0.8134333854684274
-0.016635178912182504
0.2637748254841582
0.5409843022262327
-0.32701850021520124
0.2059761375716623
0.26253424183353
0.47784689244827644
0.8301718262442538
0.27012540137560814
-0.09910857906204071
0.9556019235191964
1.1306973270607763
0.6875097804536824
0.5790416969056381
0.04549898381722316
0.6290398300334424
0.11340097644574915
0.21915356449668763
0.1562503956569262
0.022036468478379482
-0.3956663217955968
0.10154933274204711
-0.41411969292331546
-0.6434635075306093
-0.8252196949379461
-0.20664665007542232
-0.7132628172219048
-0.6583984032170801
-0.838432235457783
-0.4927443065050455
-0.9284961911602599
-0.3683001710223256
-0.15740474292881473
0.05689258812435205
-1.1366189460119591
-0.32553913268072227
-0.4209121943373396
0.3205469102910036
0.7000131284109269
0.29608244653145144
0.5055451612198322
0.554894510402363
0.8466440654949271
0.9735213807636752
0.9889081479213205
0.5607660185599165
0.7371138706736391
0.25166100196834107
-0.7147739421655624
-1.3595308103346562
-2.252904725448287
-1.176385886992159
-2.658666328956641
-0.614795986067888
-2.70413101682643
-1.693436810966129
-0.3383367541986459
-0.5530647101467039
-0.025774591713230936
0.22670446026551752
0.3385893813215046
0.4283318904490583
0.5198466167553365
0.5894857837341035
0.39895566650306763
0.17029290378084103
0.32304961898458673
0.6259086834494255
0.7610658077516433
0.9688925455169982
0.40080070471615337
-2.6817320185232902
-0.7539152552319904
-0.20338233039284562
-2.8494334318741372
-0.48986450233654105
-0.023408532814038433
-0.1398912432401476
-0.11335543896122734
-0.1952223861022468
-0.30269890601929217
-0.00039033844302983466
0.26666776598021125
0.36952315430534866
0.2697480932393095
0.2298575713047073
0.25791493129794857
0.518864777501154
0.82141456062554
0.5097559120854235
0.8100954072021734
0.9266615338760156
0.3883535859288469
0.6723927478143181
0.28021350900878433
0.3075885282799475
0.11272579485981253
0.36518845070126543
0.5135160479939425
-0.9088157005249394
-0.6747730518567477
0.038929118231765106
-0.7974584492164488
-0.2800659901568032
0.7514678283132799
0.7731766845605269
-0.40798243023860853
0.082245909426357
0.518944208312479
0.26401959369295713
0.6315049671926773
0.6423904886950119
0.4349070279742312
0.12976671200132536
0.750806191667696
1.4798606332292779
0.37797755976673403
0.3514649827720882
0.8144893811247808
0.7653241370321242
0.8654641484059715
0.8037276322653263
1.0020544503663704
0.8763823096445523
0.22120037445752683
-0.2934162644825281
0.290509175566484
0.580999841109126
0.7235998646038827
0.7713946687145687
0.3334767904193033
0.7604747608023893
0.963747681568494
0.691373307499822
0.8822567736237842
0.9142418303460077
0.4157419670388496
0.5425883289805116
0.49630662092502376
0.7068916897209853
-0.26436335160863633
0.26368685375151385
0.7964300001480943
0.7729121541996499
0.4908681649002898
0.08066132938360682
-0.7007042263502758
-0.34094630098042655
0.16848521532712543
0.6259569742492714
-0.22026362337140779
-0.02672151433892185
-0.048987785593252606
-0.20515809682628164
-1.7581465845326958
-1.4979742845594664
-0.5553703361028463
0.03229406577716745
0.3101116626761235
-0.07914685222404443
-0.513798890707056
-0.31798330169656963
-0.1004303179306386
-0.22829020944486797
-1.7958057963938663
-0.32913811715774927
0.16658971110109588
0.03840875880697012
-1.3749476258538786
-1.2414379777087174
-1.472880143555224
-1.0573886419811724
-0.7591146854769538
-1.107248833622953
-1.796728984963155
-2.167670926223804
-2.3996025822887566
-1.9213453331085193
-0.9289972773963234
-0.4491614490520687
-0.1464363319057971
-0.2561153720102691
-0.31600353410724835
-1.066083486479649
-0.5580637615369891
0.055507784748850014
-0.6467694460353297
-0.7067600053135386
-0.11669491402732396
0.014552037741493759
0.6106135354707837
0.33813706817138434
-0.4795243179937816
0.10987565548416625
0.5023275252712809
0.7903646185575856
0.9610511656742776
1.0777518404884125
0.9898324066483059
0.9940303468534191
1.0120649596765658
0.5935028209000963
0.8676487811916332
0.6255857466004697
0.40537927011530794
-1.2736180041944285
-1.9014660624857833
-1.3968429439906407
-1.2856269734358126
-1.7272315954570268
-0.9038390128085966
-0.13329530981396726
-0.772053633826118
-0.5605550867799579
-0.5171019499301522
-0.5089483736464774
-2.2851675622156065
-1.388126101959355
-0.5759746960265233
-0.09776637057904945
-0.24429194120262074
-1.4721621351180987
-1.3723812554555177
-1.4595998750685972
-2.4179870933751326
-2.437927472367561
-1.780370727931236
-2.546087104842682
-2.8161776487156884
-1.1972786487627936
0.21049170319010682
0.36500141158103006
0.1548874809797768
-0.10328773007909187
0.3871423707672744
-0.04993591121301169
0.16281821807920974
0.5971999071675557
0.4150759517324758
0.41784028368937703
0.6868217978668009
0.4322723884728248
0.6248833705822064
0.5639768411195915
0.5774794040622732
0.8349351285590955
0.3776522923864387
-1.784098927194497
-0.9200268952584881
-0.4103601149626963
0.05907187176284487
0.03158868467109904
-1.0043392749415052
-0.7169146277660695
0.40865768584446455
-0.1190734655326895
0.6627322671286353
0.7928818129090385
-0.2756917310447391
0.6649714729508109
0.7281254077863863
0.8810482836748946
1.087201968220736
1.0925708309736115
0.9882762048188934
0.8350838978148688
0.8951100030059691
0.5034125301777082
-0.4271334165611289
-2.0307950938079053
-1.0616887332517169
0.25956950823446145
0.5646791420271051
-1.8209104974775747
-1.0014078480902284
-0.5227216352989128
-0.0033520248170708852
0.367799845661999
0.2851582494442314
-1.8072511416541335
-2.6651527419054513
-0.7633712703934072
-1.9046238094494852
-1.375628014368773
-2.0959687671717178
-3.055685549587619
-0.8726155680453415
-0.7099994094053849
-1.0422469892961435
-0.37970241011421557
0.28754442692428117
0.3158583120852966
-0.03932121082550068
0.29533266109477324
0.43387965763776914
-1.4087610744955918
-0.5831410056415083
-0.21273138869850763
-0.49076282604155624
-0.9274295855873761
-2.5971263661727657
-3.037857391188277
-2.085671994918022
-1.5015941114381361
-0.7265050019779394
-0.5431182255644662
-0.7118872267938449
-2.4942145567403027
-1.4747372002901866
-0.6119735943273806
-0.268971604975066
0.15207365418783822
0.19778287509516726
-0.06663904738385845
-0.8013996196824169
-1.03408219154447
0.07150015022443076
0.37812676953602714
0.1758412162218853
0.3739376427588623
-0.1652536586282149
0.06873106028742067
0.03384101076358166
-0.12349899564365543
-0.19557394647308074
-0.7930831918137239
-1.9148819674234558
-2.5065664920474346
-2.9516088448234252
-2.5069996150789295
-1.3887041159280011
-1.116539282541035
-1.9766712803065205
-2.221634200705202
-1.4342402555941147
-2.10432756367737
-2.7138330064369414
-2.166790042020613
-2.4587319415786344
-1.8708084189669298
-0.05283363533261207
-0.7428306559625343
-0.5590192885018439
-0.35138919921707273
-0.9363024758472401
0.19895837489476043
-0.2623493112876536
0.3418755618535042
0.6747530889690239
0.8336439368910964
0.3247917675660116
-0.12888514782667415
-1.1864080773031418
-0.3416661680654343
-0.01650067993664467
0.23357207562097532
0.05761095967030469
-0.7277370297180925
-1.429692008685127
-1.8652146582227154
-0.7093459053297918
-0.788791310973753
-0.8255280893754665
-0.7971374259423601
-1.8428579930373137
-2.7687173781622323
-3.164716070139381
-1.1433048503651828
-0.6803928911736165
-0.6329811968373761
-1.6974890616061398
-1.293649475004323
-1.9516719139049763
-1.6448656105028898
-1.9488300232954043
-0.9377861644229942
-1.1432731083246488
-1.41480627682017
-1.4709692448854708
-1.8336931396931504
-0.3606725875422231
0.113873067447054
0.4972594372222586
0.5162777142281076
0.4137594299572612
0.4578273044307164
0.44694732641464213
0.32878121641661
0.4499184702171462
-0.7763498716556269
-2.9018292174193023
-1.0413828179503608
-0.5300872910862754
-1.1838247827037425
-0.9715985551363664
-0.9289531768495013
-0.3504667745262047
-0.8409869764593036
-0.9127752802312824
-1.1221148832122165
-1.9679331895809842
-2.8385564089362054
-2.6407427876576315
-1.9686775417728297
-0.7103579318622386
-0.321198159703765
0.2510683561535872
0.022488266920822012
0.284805600536516
0.39833528958217845
-0.24579071276593997
0.29168130542273135
0.0034767557069394946
0.5108458683665579
0.35671164276345846
0.6772127700701376
0.21167308829614698
0.589916187900236
0.6541750351124286
0.15028488089555472
0.43060506880756183
0.5345746805858486
0.5663028534985257
-0.5638892046729344
0.05819590719228318
0.30459001281636744
0.40502546541877693
0.539861728859126
0.6301637421095876
0.24170800755801214
-0.22138138133115884
-0.7238369062229556
-0.6128998947937848
-0.49213047218036815
-0.31555602714936937
0.3387097632323843
0.34381104749383673
-0.3184530078959349
-0.6741202167996075
-2.206228878054447
0.04787482135500608
-0.19279057489372653
0.19696007535797563
0.2300982073167461
0.10187351756183698
-0.6364277000909645
-0.7922845124161225
-0.8024863647265698
0.0063828381217229824
-0.26171822374234
0.01880300848186728
0.23867040329161673
0.4904200732858276
0.3834671753652251
0.3800410450444698
0.43306566437155525
0.21557885661342518
0.2541222951072566
0.04554344499101058
0.26842974684859205
0.3246786690088961
0.48525712118230424
0.1495390807486707
-0.20553661339621118
0.19801632220484774
0.3182196305036571
0.2720966202597062
0.2078485215546658
0.07630975674199898
0.4605334854018598
-0.11871257690215103
0.050781465589887956
0.19780795580037902
0.15353942709832186
-0.8820746005947477
-0.3669661319517968
-0.3359855414303147
-0.08679432252551349
-0.0172882902638294
-0.022049888121415222
0.03219669331094764
0.025051050309187608
-0.17236896029417817
-0.4212553579442154
-0.6045532466597008
-0.33996413928537117
-1.0627332833132952
-0.09417165784602109
0.47398059149013416
0.33209048598585716
-0.4684389167909534
-0.6042225954535251
-1.1360468005295643
-0.5199330283403324
-0.17002857779650637
0.1323508257735114
0.000826187798812883
0.09605950766864507
-0.4449027543673637
-2.4018275215250586
-1.8169086091687263
-0.5857479338737315
0.1604306611011325
0.06922830318695114
0.31100513662716517
0.039172532212379166
-0.2050759407479323
-0.18582076312023413
0.03840390860937047
0.09905496160385263
0.06917388470517166
-0.638735655755679
-1.3383793071085057
-0.4875264654091069
-0.38595708624880665
-0.013634977554309022
-0.11298324093545126
-0.4497472678795381
-0.2569985492736654
-0.44928379362028437
-2.0680980484413287
-2.497886203338942
-1.6022678038933347
-0.3656236205934611
-0.1608425691875234
-0.3352300261188871
0.2254732079886295
0.41182387465424364
0.47769260106430006
0.06494295977498503
-0.5186880457107865
-0.778675352435445
-0.5190937025145466
-1.0771019737745773
-2.5802547638337976
-1.5475769001848303
-1.1987742477643057
-1.2166526140564036
-2.0862334356170193
-2.7253969530087665
-2.1579811046937576
-2.653029518038417
-2.5755826201988787
-1.249172195439702
-0.28375703490324733
-0.03506640367022133
0.1305163895234267
0.23659306548912248
0.10524804502134236
0.09675210102138654
-0.7068974229520448
-0.9065667166241892
-0.28938052516918294
-0.24798223464854285
-0.6129190266446632
-1.8507971899757436
-1.2481521367274904
-0.192357843523745
0.24295086421061937
0.45583056705979746
0.525675995989892
0.32363737446802293
0.5548524265859326
0.7258870347741512
0.9367231249728298
0.718901601941775
0.449062843445111
0.7224350942179337
0.762076259859728
0.7085324826986054
0.08572775521454415
0.31581640927433097
0.4825751341750112
0.5376512004073689
0.4051568292889082
0.3313191007138563
0.19920192396535435
0.3936379784863647
0.32858102942605705
0.14781515813423657
0.4166717155767595
-0.05452175979351005
0.11883647915829088
0.19794836289726295
0.0013271644102319999
0.2833080065555473
0.44818550926465256
0.4695086670093619
-0.02555213717431586
-0.2681294135852478
-0.15871594504492845
-0.958297683819569
-2.2809462583092
-2.5948425302963067
-1.3365975386401616
-1.5811663927659503
-2.9192429807049955
-2.9901979265746186
-0.9700495110992456
-0.15167856842962932
-0.18756247959826663
0.12721551623371757
0.13759872566054693
0.215103392682289
0.138642413730564
-1.0507085840914274
-0.850875364619086
-0.3190031130627839
-0.32891776496936764
-0.42922018823088526
-0.29135400758622854
-0.7205958858315796
-0.09920788181830659
-0.10877164094629621
-0.91909550568938
-2.211059983565415
-1.1143115357067488
0.19572449349756132
0.14565212262092858
0.2478202338663166
0.5106990711629095
0.7071002138443613
0.4158734019573721
-1.0060909040121921
-0.53237925597291
0.005527081104578004
-1.3627120531596382
-0.4059802760079149
0.16303298023546833
-0.0006379554809782285
0.2542933359742829
0.24657648338325114
0.3417886229393749
0.3887607160149023
0.3956222179452908
0.26163317348648313
0.001465816462300277
0.3634236418040566
0.02773917005936258
0.1304770922727663
-0.21750100751099652
0.13387287212146304
0.07910237688464501
-1.7006302990480853
-2.6505988026880116
-2.5604558510799866
-0.8810580682494358
-1.4711819696742963
-0.20053979018941354
-0.1896309364675763
0.11966850711246654
-0.028217761479551937
0.13384732537535518
-0.14108528397139786
-0.015002445969502537
0.13376570410451
0.0652300342388571
-0.8950530696934237
-0.4414008908405695
-0.5058684283145944
-1.4189308400909941
-2.3206797653302664
-1.139178252476996
-0.2620761769087354
-0.9139150734668285
-0.665375549375871
-1.9375227212896826
-2.6151935839440594
-1.652494034862433
-0.631908829258903
-0.4414304933404464
-0.20806354689702014
-0.5287851024762267
-0.6419994562101428
-0.33731423630019775
-0.08965588189205707
0.01905201553362323
0.056585925353405675
-1.1987849217357969
-0.6147464874331543
0.09519426713790499
0.05450389192764282
0.27029416672865925
-0.300460162779698
-0.5800120047825579
-0.651881745927165
-0.9211560753383111
-0.7504142524150478
-0.4312970681619366
-0.33947755710193417
-0.5008649964785242
-0.07566645642965711
-0.1346512630135358
0.3438423885813211
0.6892730853029625
0.7291268820123058
0.7559139150065339
0.6108815258696678
0.6872962186704616
0.515062462323501
0.18185150359848762
0.028635320319842183
0.3205299236367106
-0.24978600136143783
0.20788930370204428
0.1415130888545385
0.33127688052716764
0.5167770908894421
0.6256395570758922
-1.2254050769026936
-1.8327577153027217
-0.12645179356974756
-1.011489007358929
-1.198814463868008
-0.5806897085116439
-0.8769155187224053
-0.8268467160526342
-0.3410232408166199
-0.27570305441505816
-0.4210187549012926
-0.6927300677231888
-1.0430852845742207
-0.6750995838380565
-1.9075778594064343
-2.6392462467584887
-1.6441670117566325
-0.12320764890275622
0.30112231954894475
0.31430385047211834
0.4018339188412628
0.4687875868991588
0.6866073789529162
0.6361343278926639
-0.10796405071114326
-1.3697658723164023
-0.2025727729690026
0.4362210501959367
0.33152644967316536
0.20679136828057762
-0.8270613549245339
-0.4032938189932692
-0.27747263952390455
0.22146717355689735
0.4958418820701319
0.21386946671641568
0.5337950992458113
0.35626047229836044
0.21540071732161198
-0.3120474302186915
-0.5094684911448283
-0.5902595826494805
-0.6643673484079238
-0.3964264971100615
-0.08731422185523671
0.3081531894189047
0.11732490589350894
0.46310877569245856
0.6284689601199936
0.9929569532543495
0.8363648850984965
1.0077305823039584
0.9821438683007879
-0.44418072001418596
0.5358805782857206
0.5933955028783959
0.5557673030812835
0.18725416714936163
0.08836773306073055
0.24416094629628124
0.08397495432482145
-0.21944820808840926
-0.4560692995216562
-0.21892208819438783
-2.836629151445831
-2.070416996315138
-0.5010701472315303
-0.35891755814081117
0.1230882983597732
0.3260996984856843
0.38335424375751254
-0.9237251447683267
-2.906220243338188
-1.2845889864083948
-1.734511917813761
-1.8606078285348442
-0.7734748880074106
0.13043271529430397
0.4052001342706027
0.28309444973486814
0.16529894745678786
-0.6750507830410528
-0.18300488543035207
0.15338505698074642
0.18093970636457454
0.06208966523011869
0.48906119014757365
0.606266723094189
0.2886311346341697
-0.27769648150352166
-0.06147269959475889
-1.121290711237465
-0.05903280320035574
0.21859846851951503
-0.14631471668944065
-0.6713775622373281
0.1851033757694128
0.39501243906745853
0.131232730928481
-0.7578635280989859
-1.2614525908006904
0.4498368230962994
0.5849701247541944
-0.39987074717055204
-0.785553505768256
0.14283377878135192
0.351700480598507
0.5002431005361856
0.36214058802817795
-0.5386228718393241
-0.43206547258560135
-0.05012648525985701
-0.2721868893622272
-1.746480332117196
-0.41484761672729475
-0.4417216891409322
0.13352153600977112
-0.1893698584671364
-0.8540381808498211
-1.3661037930254105
-0.43462493210929487
0.35991422373606874
0.3882963647623259
0.3941768011455765
0.752522137620956
1.0174998760588372
-0.3213664671995736
0.23292307114357994
-0.5396527004345487
0.03166632311292272
-0.6260404397898253
0.5945450440038248
0.3218716630430858
-0.6345854723410148
0.02174841348103265
0.18945772446024964
0.11682099767875508
0.39398928392319654
-0.32949270723473595
0.7369277703561671
0.9916502510358446
-0.007085041109554822
-0.5794731477711516
-0.9097589060836808
-1.2169779768386293
-0.9494039465437072
-0.7413750171016601
-0.15112684440991428
-0.0058420135509241345
0.21564791804585803
0.2794596427990898
0.11121599393215512
-0.4409854404680743
0.33634364529059657
0.26426314874476636
-0.19079767116841348
0.3037390056220014
0.07403680070951896
0.5228995308452601
0.18584393200598046
0.6170992803718113
-0.36531698995574896
-0.576987326835874
0.137035807336663
0.09301006198870435
0.18185063561166254
-0.4094786602657236
-0.6062499002700991
-0.08927763435164347
0.258752769003042
0.4338707819416484
0.6552419392503616
0.5595153385376171
0.39607147334031045
0.7297337342910033
0.8216439351560324
0.9785288507630575
0.6673506158967389
0.610441917401994
-0.767531416328682
0.04377622815153438
-0.8558705712793485
-0.11183392857186818
0.2820876060832454
0.4632337001852129
-0.44656806402494675
-0.8908284869609923
-1.6583458530165212
-0.6678042934675605
-0.04789051987806976
0.023949672602145155
0.10902834395441735
0.2068396454198564
-0.27277525515505396
-0.22829721179284992
-0.0615988019635655
0.1707868347165204
-0.16687863274311973
0.4282635471909563
0.26342663246364595
1.041304057865284
1.0766194196135548
0.9220250902364855
0.9778958809564728
-0.16172283990890904
-0.41363531434952433
-0.37921227207441655
-0.2361990618000441
-0.32207894419197425
0.4312708235677194
0.5898590207095719
0.9497093879233495
1.144635579155335
1.031425960067597
0.9523085284184224
0.4364045157825043
0.8585688858198861
0.732467474953726
0.6046456424804899
0.15368670558020675
0.361187485385969
0.2039238811129885
0.20595245009672483
0.36090696447809323
-0.48421960676342307
-0.14396051491412068
0.19451337287267126
-0.4177606350277162
-0.5262514967196618
-0.5838234784760439
-0.2950314908366395
-0.8527976082577627
-0.3123702148896892
-0.21145094332854666
0.10024576801176774
0.013434637380298018
-0.2016467127516511
-0.13692294537841435
0.06647076258149151
-0.6091713561643656
-1.3880598856147945
-1.6252455691201904
-1.2543324202639434
-0.8823234514710979
-0.4654639503462475
-0.48602638427322703
-0.5948634742206098
-0.82329569817423
-0.7670009535929899
-0.5569432339408097
-0.15747474148580665
0.03301935833583458
0.21736608502938157
-0.057556058207353364
0.07260414478459652
-0.07423356129134297
-0.4853283359493768
-0.3333719268220504
-0.7125576165861662
0.29846356355366666
0.3850353059501926
0.38092900222362114
0.5223011449309629
0.4280325248362191
0.1897178017430502
0.39928962839405907
0.4840174897637919
0.5854863969106069
0.7567767613229608
0.49711057251440727
0.5264889264789354
0.46111942189379906
0.2289911858953008
-0.2781922216329627
-0.46875209853493166
-0.07690964910622833
-0.5394102435480315
-0.2595882026940717
-0.32039949570025983
-1.827523161574038
-1.534828001912113
-2.310068594155703
-2.591901192627668
-2.511227772479773
-2.7574729954602586
-2.1350541936130827
-0.45551087969033655
0.06013519508546629
0.24804705385544043
0.3568009063694559
0.32742790325413856
0.2774021305700314
0.5096253907263463
0.6019095945696195
0.41885335388804124
0.2625569589350302
0.29999988752562423
0.019276508052781468
0.34775408454921014
-0.2119448873079242
-0.18445159698501387
0.34474996041066774
0.40228328067513386
0.12947351701887946
-0.7214978087371559
-0.3497918620829246
0.06224893090317349
0.3943903506548176
0.48033148082057675
0.6053953544097909
0.6988425979147966
0.5683334747375046
0.5809233037511554
0.5742359249006405
0.5998148754869581
0.21959276372054462
0.34171157926466006
0.550728467703235
-0.13272082374339886
0.2741905310809324
0.049216806954909514
0.2361890712804556
-0.45745530091112874
0.19880359786909865
-0.008778777104964757
-0.535523036604901
-0.33360786169664025
-1.2266384286122998
-1.7118159705373632
-1.35628603617913
-1.8213326666996803
-1.3410705136354264
-1.2408000436460758
-2.343495603781121
-2.3933894422418907
-2.4356844975357697
-2.8872822999131826
-1.4915280511344022
-0.3094412571883053
0.3686361760194568
-1.3354529650287974
-0.34202831876979
-1.6909429606478015
-1.7304610701896515
-0.21785705833521027
-1.74722981131436
-0.9891600609793728
-0.1786285579352623
0.47688249339537464
0.27651389286507655
-0.19193573348781046
-0.01796933446361562
-0.9373295396033386
-0.9592017849854078
-0.6906507045457627
-0.4999825053343672
-0.7980205971758918
-0.1708774369056574
0.15983030924376473
0.24935086869540277
0.18008937870728095
0.3864367861289947
0.5633563004829406
0.627090360559709
0.28189542083462443
0.26704770758384616
0.047019092661674436
0.05863916851444746
0.413585918364189
0.18290036816762875
-1.8345852655593902
-2.0445047912281527
-0.9272265379953325
0.049590052855274055
-0.23018020327230518
-0.16822157678872282
0.3824018072147718
0.46553146565590936
0.5020901591443343
0.7094836269465241
0.5576675662569363
-0.5383574189426495
-1.4411370097099605
-0.29122483490658113
0.2383815911982549
-0.8392276922506144
-0.8199956147184511
-1.1666581916452674
-2.1188018996472002
-1.995030895635976
-1.0487716467229657
-1.2901713721099195
-1.1582641872670707
-0.8057095570091439
-0.36219166367019245
-0.03071686152106908
0.3347403327376642
-0.2234241954120386
-0.45827528961579167
-1.0934074376774523
-0.6466685741363899
-1.0105843453225998
0.13363626338529205
-0.003583619374996105
-0.619784912928532
0.28830987009790243
-1.0322907716540275
0.006738401095589399
0.5804740752261716
-0.9926738816537932
-0.9595157191683169
-0.4856219616407103
0.07183810180491104
-0.5102860914901738
-1.6008895723511094
-0.9329167018863395
-0.40258644389909626
-0.6949026091570362
-0.6285440911384806
-0.4598352104474718
-1.4342763310416995
-1.9345480938726594
-2.5915383655714366
-0.46168712645463106
0.16031064809454043
0.47173436786391226
0.7153591461753689
0.26280966342861994
-1.1240537150167726
-2.3531760574258906
-2.061139048290367
-2.859740259094286
-1.6808918215977051
-1.222011335095149
-0.9393156702996358
-1.2621988834983453
-0.9673236563792446
-1.6115421398748606
-0.9786756804449834
-1.822759105072559
-1.573821518329315
-0.04845740267215651
0.4391581873371501
0.16766980249271615
0.08943688780450493
0.5944371452154967
-0.3713901787332583
0.16894185737124162
0.13812267409355813
-0.34546507482710453
-0.8113694849114513
-1.2250457281133347
-2.4826443899772053
-2.069018989832504
-2.3042097025860815
-2.630133717142352
-1.9606778385668706
-1.034678032286577
-0.8002422481196094
-0.4771015842373567
-0.8210962286305569
-0.5389078070398748
0.11902399461906318
0.09906201315713174
-0.7609767227944418
-0.8306290968589071
-1.393355755963373
-1.8095079566203869
-0.571104546412373
-0.8804602090720234
-1.5895903390610469
-1.015153669888492
-1.6876480087360823
-2.094551435674107
-1.9895760608343493
-1.4781740939984247
-0.9185823519750623
-1.4337962977952972
-1.9834250419911768
-2.0237527536350024
-0.7340211431009859
-0.28270112128565134
-0.3317102130080356
-0.8513610070848877
-1.6467521870691535
-0.1832322321707486
-0.18533328595339155
-0.1185997393577867
-0.050359524839849776
0.08359039028158352
0.45426269510977374
0.7250010904114395
0.28307190084871126
0.717944174325742
1.137700362970768
1.0507285666651542
1.3823757212085603
1.6616168159554556
1.6470070446731642
1.1929469438179923
1.2965665065997793
0.18206436908454213
0.7590681301716242
0.015380950507740042
0.6815799284335737
0.22286495047941596
0.47677065791205403
0.7198010930720522
1.2669049401009382
0.9888071227227164
0.5959413860628376
0.4394921258603722
-0.6509842463501907
-0.10307221213126423
0.7145936222249738
0.2669584005785359
0.5246304195637248
0.34298360047241794
0.5614099349498193
0.8980055360147038
0.953938935231531
0.9006452844812762
0.9518022941443447
0.8785512105074648
0.9990627355402454
0.6960244352088087
0.976577303954602
1.0361655338950309
0.8400345831010702
-0.6441322551352963
-1.3918494042718608
-1.8756304424061403
-0.5267018009193528
-0.7842866890458855
-0.16532063606381547
0.504028160751908
0.724928060032295
0.354718856338071
0.7017236319990358
0.40736018130210094
1.1547611194000722
1.0641542388320973
0.7947740497434846
1.162405474354948
0.9605029514334951
0.9995817006142259
0.952959573109348
1.170099500701174
1.0162218872500657
0.8127627263443854
0.841510498701816
-0.4918119697320438
0.3957281762012501
0.7679248758282117
0.946788373551028
0.5561833891194669
0.6416289578824306
0.6058444388406375
0.7102123162668058
0.7329262647858062
0.8709454900340734
0.7643265543936649
1.1166450362913491
1.1637755196338713
-0.07858442941030838
0.7838250568818554
-0.9656764140980465
-0.11997478915453194
0.5283066865781325
1.0041769399026925
0.9652062936774103
1.2423504996983405
1.2498787623953942
0.5159663469767203
0.8140317513972858
1.4152316715127515
1.439369089106084
0.9780813025297393
0.09388109955550095
-0.5316333271095346
-1.8813960777242464
-2.12968012290253
-0.22337953793848617
0.8882038928864423
0.871833822451795
-0.8262662798844267
-2.4777684529189288
-1.9088215189917812
-0.7943505089660589
-0.7247484727736596
-0.8634747024656804
-0.5320734195100084
-0.7114371455531703
-0.27045587645513164
0.46396290853226424
0.25451056222943014
0.554727798919213
0.5574340746094629
0.5502061202618261
0.7955053113390739
0.5047399931039552
0.819147826835288
0.9878276075581454
0.8775080588992495
0.8976470717121436
1.3345509927323944
1.4098603811050667
1.2504457110249267
0.01932301737170673
0.1632213405578555
0.16445761052022403
-1.3806180352711208
-2.1598546718253417
-2.86950649228228
-3.3058495668862866
-1.0461565994999782
0.26586986286060554
0.605342201646234
0.714338329750814
0.8093710608190278
0.9510173543347062
0.7684024670471236
0.7159490459664705
0.6057931720682678
0.981808306400444
0.8869721660334112
0.2375948018897592
-0.09161525982226992
-1.4654557919458517
-2.0253868912594997
-2.2771795377048494
-2.113316053279006
-1.6328690768242144
-1.34108838936529
-1.1151344486642951
-2.027031461566408
-1.0721495847428788
0.017269067321123096
0.13705973084612308
0.6404573323013701
0.31667296496563974
0.014713635570691063
0.10804479034034127
-0.2060757826758861
-0.3174462062276914
0.08250245039107801
0.38495333985781516
0.4912338904017224
0.5168455897871018
0.09394136109111245
-0.8332893473971487
0.5365929068125531
0.725449185685743
1.0787803445535813
1.2429301269880404
1.3668871699290581
1.4307560198915779
1.4919910123651257
1.5595892508329174
1.561919954986287
1.5408092907921282
1.5926076676135215
1.495253448020088
1.7116088583750981
1.4923321702577037
1.640666967646463
1.6712568640531371
1.8699483192397999
1.6075052747194403
1.836483716001313
1.8378491303722404
1.828730176634899
1.496191982770935
1.6572014101039632
1.5304896918069615
1.231379704665952
1.5280071417506509
1.4292151012441043
1.6122866694901437
1.6519582808939954
1.7708614013449788
1.6067361749991191
1.8911552337320134
1.5130357760205089
0.9929920622090508
-0.17201655629086357
-2.219871721418581
-2.6073679106640424
-2.383776780261129
-3.0509970913892497
0.289143097529102
0.8226369240608519
0.5581262784017219
0.3793877154747289
0.5266521632963631
0.597146747639971
0.40221487915892523
0.664918830409407
-0.04059839284461092
0.22324643808773872
-0.18855607757976872
0.06689422265753542
0.3508526451534857
-0.44323176731752906
-0.7472874599116283
0.16131314271003605
0.8522807941880193
0.9179453883912875
0.3123912188385772
0.5607256375991116
0.5684614043039179
0.9842566468155948
0.8772683065026406
1.1339158035788002
1.2453952048105577
0.5223551212126808
1.2304489707761566
1.5312895362703567
1.3730599059094832
1.1802687684321247
0.9323311712416491
0.9474858040464683
1.092621209934506
1.0679696148149451
1.0106367369114595
1.1051701802169185
1.048169316793179
1.155861956443632
1.3393030092506044
1.2061264560449176
0.41404565713762603
0.8492966920440915
1.0269256223836245
-2.0253099684455775
-1.967835642348705
-1.5543337524546441
-0.47826247587144244
-1.3820099072085372
0.09640903569332084
0.1735776056529821
0.0226474582434324
0.8234651907872199
0.6966573654550445
0.9401602969862605
1.2647899110261107
1.318695832204646
0.8429178251589595
0.5991126268739192
0.540861714344314
-1.299996387348912
-2.0854241210280993
-2.666482464596878
-2.231094813580109
-0.06666107973910083
-2.1506999254014145
-2.0150869998090912
-0.5064337022933281
-0.6449977533016433
-1.6150450204275475
-3.0154779053151524
-2.021319268900659
-1.1804804067661387
-0.8384413109104087
-0.18517885921895333
-0.027074108486877458
-0.3646356052574834
-0.762211781791552
-0.970913763147574
-0.004481012312210455
0.5232121474821873
0.7954169585602968
0.9512994098631713
0.9058054392676723
0.9536652344804574
0.9099039927808389
0.9777757108621274
0.3491707906799026
0.5459109161105025
-0.3410577900868252
0.382253598629837
0.4661597123753022
0.3047162549542568
0.6544517137880557
0.9572870346839308
0.9640136052223667
0.4072628643405162
0.8288980252825118
0.8468985487193175
0.8178205065887337
0.21678998434400107
0.31722726634744713
0.24953582463377175
0.24115026951333954
0.18616728201323912
-1.5879179231302138
-1.0160630322710082
-1.9582575518704115
-2.445854308768954
-1.2933608541467536
-0.7327667288238943
-0.7207743378133394
-2.5247777925191914
-0.7170592715041822
-1.392231010578573
-2.5166762539924994
-0.5357149660526263
-0.27682347937524193
-0.5029280491524875
-0.5269089432979502
-1.435891294887086
-1.1411913688030246
-0.02600841795594669
-1.2998914700903144
-1.6527090477197441
-2.4225111115438
-1.8950383232611745
-2.0582373996153684
-0.749136165381371
-2.7765107378251574
-1.0286380507948871
-2.2160693308717465
-2.0672749166084183
-0.1880204798755835
0.692872962067598
0.8616383251835645
1.0034049195848382
0.9079570011945997
0.834670753090314
-0.3889863354561201
-1.335562933156726
-0.6421534806437194
0.4420069664824055
0.6164236480121116
0.5733836105034271
-1.5070748280982162
-0.43972507644979575
0.5483092013002449
0.6468180573150942
1.0261085164889514
0.8803700392675543
1.0600814074010683
1.0585539252355138
0.9858390451009585
1.023005351729291
1.0025229322609703
0.9433468586063485
0.9629731566902348
0.9099149508281696
-0.8446742167326523
-0.2031915560168311
0.49494246667611574
0.9546064485358523
0.3480463218114437
-0.8236518016336302
-3.1076904140343014
-1.0024968242350263
0.2378776552209135
-0.8807742228424843
0.5554146541141816
0.7994980290925066
0.5295226288290055
-0.051006478975420336
-0.17419914188554317
-0.3189149034876764
-1.0839262538131567
0.09217039419366958
0.6530371466135372
0.7027089165270877
0.7386955569288777
0.8530134695609232
0.9165003482345313
1.0521882145949606
0.654339111897266
-0.7035651899114916
0.22516764217414978
-1.4626825229811855
-2.1994760808293226
-2.3259614496698373
-0.1781609665097539
-1.9757401461458932
0.2312169086202658
0.6150302653636099
0.913480851502043
0.8757452501099582
0.5746718734573097
0.7186078509809208
-0.34530054564394463
0.6378444532139939
0.7741752869531635
0.31098789063264864
-1.256213763718181
-0.29164452004786523
0.32787309102634377
0.013533751815428697
-2.517565881060528
-0.7280644189259776
-1.7658645901157932
-0.4977773639550988
0.592551392754433
1.135867142050266
0.9344153528336733
0.7967076062827118
-1.3998718775461947
-0.5498161450852413
0.4791766205770165
0.14682345799702443
-2.2680302758817015
-0.1349950013715875
-0.3799379859201269
-1.273596356458887
0.2195142333337974
0.20926553474880163
-2.2003930756920567
-2.245842554694639
-2.999465859105156
-2.248856730603958
-1.2221550470550175
-1.2787231577434066
-0.7174272566181402
-0.7518279239270703
-0.9079298795214273
-0.9129663913557392
-0.7758229599022554
-0.3106008824515836
-0.7505674521538838
0.1567056935904169
0.08338521727401998
0.5074907888262157
0.397492770640882
0.09157179430269334
-0.44845004513338543
-0.007575994782629492
-0.6487441022171021
-1.7655558637670443
-0.3739762726303111
-0.6744436515820721
-0.7923813856387717
-0.26336971371139584
-1.0262165604558948
-0.5926631109867457
-0.03310621207933062
0.5874710324036018
0.7922184514621536
0.8316987797560248
0.6775754610324155
0.8070048340899965
0.2799017760278959
-0.22735923976101383
-0.1892433925200502
-0.5179619900044806
-0.43356408965503335
-0.020999643343128618
0.1860709378865522
0.007308284397590171
-0.4165045633080251
-0.3196449540291488
-2.2068704458917923
-3.0437586660356013
-2.98065443163475
-2.9899421284344236
-2.786620884495971
