0.42257206759994004
0.24561568295953415
0.02794894539795556
0.10575901480544264
0.3232686212381767
0.2611345650271262
0.012008186351745921
0.0864004032770497
-0.04917669193801012
0.2456793737233267
-0.6734362444288493
-0.7462080003650574
-0.394555290436015
0.05300906096449869
-0.1335994571231618
0.02297373230022634
0.26354209833137754
0.3947195575964003
0.2855495130480725
0.6027525471973061
0.5790398189326963
0.5339891626752005
0.6809723930473399
0.8135065343428493
0.8377383907845586
0.8000583175048356
0.8730914530254678
0.6395638544854095
0.4853231154884744
0.33497785816768233
0.2738634201581637
0.5621341054345483
0.5209763433943341
0.5237330783999345
0.5349788908711715
0.3318444668635886
0.5918557931454884
0.3235126433333223
0.3608984363506955
0.5086469223623242
0.523900439342853
0.8971324537757073
0.6193112498083744
0.31821140884602417
0.289919915200737
-0.03172883091961751
0.3183054178133041
0.41938815442323785
0.457034698706023
0.3995562876718842
0.03058982970403161
0.03284733630861078
-0.11837243645989913
0.29646647350197997
0.013850417036470062
0.19162346537797856
0.19897158057820832
0.12905515611423551
0.5543234344249452
0.7399263602308903
0.6464060485886648
0.024324107243646878
-0.05029435923108747
0.11428743320715684
0.16171937703879258
-0.15341922818891873
-0.10953691735186047
-0.47450830714407133
-0.580949236747131
-0.506602984763807
-0.30709803713516204
-0.4925021581347314
-0.14386218879283255
-0.09457038675309734
0.3311691093954553
-0.3575711148505709
0.02716715099444933
0.5076442568097448
0.6891436318668321
0.5148983678025638
0.6162047098839037
0.7468506977758695
0.7689866085118838
0.32183268012076527
0.7617843882175493
0.9217746641151908
1.1275180970459495
1.0609986617150573
0.9840535801372661
1.1345424544491538
1.1332890329955827
0.9080907799176052
0.8098092198361893
0.8878141896618686
0.22728724815626947
0.22624199589261643
0.4813257696021296
0.6394068341523338
0.6017046777210231
0.616024555565803
0.8494261390832987
0.7139397108622214
0.845043273981921
0.6865522857048263
0.7265837789575771
0.9293831400426844
1.18054222962641
1.1940339887586646
1.066354242996819
1.040772378138726
0.8518369854426024
0.8430198060328493
1.0879128659459891
-0.17171779301979365
-0.4884282186498935
-0.5465227123409622
-0.3957969761998411
-0.2703156007441192
-0.15068092107556075
0.04308841184432297
0.2463330270490768
-0.07726671243208572
-0.3026375834769688
0.1985937540558899
0.1198462334229515
0.22965468405146086
0.4152031149142751
0.6505579459662467
0.8100066010876847
0.5784943445664037
1.1059094809280994
1.207453700054741
1.3328035092110972
1.2386399812489957
1.1745071021118383
1.2418512944710915
1.0460784193486947
0.5637662903937586
1.160657822816972
0.8696171140410062
1.029840920275429
-0.8861789902796894
-1.383063347165618
0.3868038377987657
0.8014223218770866
-1.3111224073365644
0.6816646831784696
0.36805778847514803
0.7674831421317672
-2.1508504292130386
-2.6416291809769525
-1.5819905969998795
-0.9125450770621653
-2.208083830934437
-2.279534930558629
-2.8967982824156207
-2.0828927845015324
-1.8982298290164987
-1.7902441424914122
-2.419037553655996
-3.065661620940054
-1.7862734172772183
-0.523830438569238
0.02369145982010251
-0.08170734671973766
0.1851528436007462
0.6435593754183213
0.5657919213705273
0.9073120924480373
0.8585379037716689
1.030074515206616
1.1132994081826446
0.5087868704467242
1.0938936575445461
1.1651707562361457
0.9390886642701165
1.1785107516427151
1.3524386173142087
0.8073259468103227
1.1051032931157898
0.7798370711860888
1.0411924575351639
1.202670807130893
0.16746753614090495
0.733520766938628
0.9936380840547321
1.0264130071949649
0.28329645708074846
0.6077809617978953
0.674705585287138
0.7007679856938197
0.9673188541008241
0.9001537201689928
0.5334886619272008
0.6567338590266155
0.32662755815575184
0.038661148792191
0.3081384026003431
-0.9257440554156751
0.18004481155419258
-0.21688977649815885
0.16983837378238412
0.2144999884391808
-0.2571927474231437
-0.5269377478029651
-0.05249437685895858
-0.38830180594983155
-0.1799821334553037
-0.6615485363376599
-1.1298258751966463
-2.6843600521704736
-1.2074602086282404
-0.28230575487181453
0.22341892540217073
-0.19382961468935092
0.24395801372982884
0.4067305685244996
0.3834448245473432
0.45349057011410676
0.5571826416309837
0.6402927804323826
0.811874425730389
-0.11077295293694206
-2.3792443060158233
-0.663298727842937
0.702103987035549
0.4373773699643626
0.9804342499458736
0.4559931057797235
0.04013452544483871
0.03271731491641909
-0.8250225449083866
-1.9093804102048413
-1.7265133035399638
-0.7411969545010451
-0.4504856580241223
-0.676241748068649
-0.014245592700872445
-0.04951170756065418
0.1011206035541819
0.4109751467962939
0.5427030067057979
-0.7648366064221697
-2.224729397886386
-2.4031314562545414
-1.1393386493367645
-0.9152425122178082
-0.5018766295589276
-0.558230658152999
-0.15898568846876063
0.40352992234155105
0.6044012917447815
0.05899957789508427
0.1364607941312469
-0.9705778487431982
-0.1598704114421914
0.3121649020914924
0.49205567880013157
-0.5040544883596342
0.17164783595288755
0.22065713548290553
0.3215933211106683
0.6142884809703911
0.08824130541864375
-0.40000919495259546
0.7523079278860062
0.9766711906168611
0.5110782713522524
0.4284077047121877
-0.26007707677233083
0.3852468522317639
-0.04432382155647509
0.1587446290041361
-0.05317341144163588
-0.04406988676433382
-0.5478837427016725
-0.014683806217605962
-0.6149165397956331
-0.6784869071456656
-0.966697156562409
-0.4935108626383826
-0.826067985520137
-0.7780456914257295
-0.9921233328141349
-0.5735795051693238
-1.0977768343318968
-0.36437931335769913
-0.10528460966375773
-0.03154091292291517
-1.3132385441456598
-0.48000468881877945
-0.6629569292319646
0.1528915119986739
0.568573149898332
0.18986477691278728
0.4079492470267231
0.4352379727941149
0.7874579222383014
0.8520639651130898
0.8809688779873354
0.5139635167379679
0.6452438513836486
0.12757623747910618
-0.8268786529267095
-1.3404604714756974
-2.190212566734129
-1.0012674542256532
-2.447413685662317
-0.32896276022278503
-2.5363620462333714
-1.5626392656745958
-0.29404329803228213
-0.5835612842599464
-0.06937824069795709
0.22163588706665688
0.29482904196399606
0.5102577568986066
0.6530666512951057
0.6305923234908528
0.3227946018761696
0.32359520024428
0.4542049611191137
0.7335709185831004
0.9145962234024045
1.0900328037299576
0.3802441393485603
-2.4505351401966022
-0.4029464495530596
0.19030009190625288
-2.7225129548185683
-0.016851386418947928
0.30448742574054377
0.13998196984295908
0.10012466314985038
-0.14053354075358937
-0.21342654416340542
0.09423258385223529
0.3948188464429552
0.4974196015859528
0.4241566839918891
0.2948391564595956
0.15735829303059873
0.6031747240234915
0.9356170445214864
0.6130398646241259
0.763361200882569
0.8985429158000271
0.45980739014966965
0.5444224399667694
0.3067155351420179
0.4412873898792372
0.12107672037176834
0.2387262835475412
0.6549236785697075
-0.7031836061256053
-0.4743281398138316
0.2546456854739544
-0.5949808379694925
-0.09880938528581432
1.115390129983356
1.0376265740130695
-0.3929948143538876
0.256514620709106
0.7620987521719657
0.281914626576388
0.8429511492134932
0.7255763884916542
0.5258083566039435
0.14015862167301182
0.7373354648845626
1.5123785518914674
0.24961431062232084
0.3210888247703034
0.8490404602795781
0.8130899058637786
1.0653677154506094
0.872459118900737
1.1513719561183418
0.9387788981877506
0.2507384197420859
-0.16855399997747852
0.37333501608938746
0.6149403257434707
0.8319345262667814
0.7925539405368374
0.2993351831181357
0.701848541859327
1.006556484831516
0.6648178895116936
0.8547160525512978
0.8819948172534222
0.5110294734884149
0.5720541758388346
0.5061855320944484
0.7181436593958717
-0.17628512764383003
0.3534673546683035
0.7825481461359831
0.8775868231701732
0.5749823625173714
0.10942088571634655
-0.6073891903478885
-0.18653934025244504
0.3132886206193005
0.6841223962927685
-0.279670122127446
0.07694142125875383
0.0703578036188109
-0.22681192154401103
-1.7320392368940878
-1.4220983880956697
-0.49832884015774104
0.023018065318914316
0.2990081528697306
-0.15421880844143213
-0.5950181424269568
-0.2754353564425708
-0.09153124249152188
-0.172349257996039
-1.6675043440289918
-0.2861341474020582
0.27797314416448404
0.04963597611699716
-1.2537613757993091
-1.104967307077389
-1.1884655119044771
-0.9331024186860702
-0.6109789543042801
-0.9409776821599275
-1.7631053435098258
-2.1268460250872367
-2.360240559920381
-1.6886790668134197
-0.7629372255731706
-0.37067356935832274
-0.08321237142001676
-0.24555772642206072
-0.2420649158771272
-1.034561649481667
-0.6352244222574066
-0.10556688985776425
-0.86733355347418
-0.7646212445811934
-0.13826505266447323
0.023135386804985003
0.575821229216599
0.28083273549521526
-0.5378652193990426
0.08953397542454287
0.41426341316653836
0.7481418262971133
0.7391929347098052
0.7096714115431195
0.7954927476925074
0.779976180620011
0.918979054519752
0.6389176032607193
0.9004823384682356
0.6950000941846622
0.31842276366815314
-1.2031477662320345
-1.773374002492118
-1.2364737511383372
-1.2107153939350883
-1.4718349264560417
-0.8380389586287644
0.01795342817374078
-0.7140723328476678
-0.44628215605569965
-0.4933463627765513
-0.42870791817917475
-2.1919067084423003
-1.2390723915387503
-0.5316307663260218
-0.04843473870369126
-0.2714411998819536
-1.424310059327617
-1.3038818822783138
-1.3520412116514289
-2.4027011025830594
-2.3796266323271764
-1.5730104725154912
-2.501688965507828
-2.4977419005690864
-1.0864997229862707
0.33794808826481504
0.45107747593363756
0.2437529982173451
-0.13564226248460945
0.4366089421098285
0.03195641605398508
0.18842208528373264
0.7255757362401973
0.5559340849001573
0.5569577110017541
0.7516176658237634
0.5490707422902461
0.6882029373795624
0.5815587730202638
0.5580339226460166
0.6478702247644912
0.3543674125081936
-1.7189700927616154
-1.0037621276375657
-0.45888939515303884
-0.009521933990842349
0.006510832191997645
-1.0886865390276717
-0.6156503779169391
0.4680421241039976
-0.14572524084628544
0.6910022142952814
0.8300846343365622
-0.3584228534828765
0.8391693000994922
0.8876536625991285
1.061487398201839
1.2476286060399733
1.165351714852153
1.1015330145204434
0.9424934723957259
1.0196293379466241
0.5549215752173707
-0.38045049288221877
-1.9317123363525217
-0.9211591180563061
0.305904729704191
0.6866894683887083
-1.6601605788609437
-0.9095340753200818
-0.344175219900008
0.10176973371432047
0.5357891301437423
0.4104084380627506
-1.5816229462202969
-2.5106247054137265
-0.4535057793177528
-1.7107872296958246
-1.0046256568507956
-2.035121751203766
-2.824661699460041
-0.8798200465931918
-0.4076696078932579
-0.8452000971040448
-0.09024633219016617
0.47806149332486136
0.5272630409671714
0.019060903191275555
0.46039345841468504
0.635368179719076
-1.2432668086478296
-0.35016907957899623
-0.018140668923695057
-0.2488143789647775
-0.6996669051245321
-2.4655778757817464
-2.803412269335869
-1.968257314855121
-1.3006280409161062
-0.5120669853615041
-0.25225732806901413
-0.42647185969274926
-2.3527607591392488
-1.3891666288168263
-0.34950485386019114
-0.04387128583434847
0.2746885433404238
0.3584402341432231
-0.008610256471582159
-0.8412838086109635
-0.8867874083339609
0.3460513220930347
0.5879085406297062
0.3467960131062734
0.49181750758070286
0.06541281522284859
0.29045289702575117
0.23617464379392894
-0.004403928091999479
-0.08382329824046153
-0.5937121030148603
-1.9231206295341725
-2.378115971381011
-2.7592758116372447
-2.274848517694351
-1.280788738193299
-0.9006078154490519
-2.0207154806128766
-2.208601080225503
-1.2441600608662464
-1.9844399345841321
-2.5068989326277653
-2.0307647693036115
-2.3326051495607567
-1.8873941922283213
0.2079497994787109
-0.5004469422241667
-0.3870172708287756
-0.17066974791972006
-0.7794972917505149
0.445104463989772
-0.05623843865440184
0.48309287372637755
1.0177714046599882
1.0653771013227187
0.380824350123807
-0.1286320956286433
-0.9613987529789481
-0.21224577275201564
0.20049130229812626
0.39732052280289953
0.2054612585601087
-0.48447599973016753
-1.3850715962433837
-2.1631454649038173
-0.7820225920475783
-0.7509718896039539
-0.7695455879804695
-0.6838753538222919
-1.7154956645912405
-2.8271854357983566
-3.0239069500482856
-1.3597269466957889
-0.7298694102854515
-0.6958087152800998
-1.9153565710991338
-1.378975936931672
-2.2137085543734742
-1.915099384785517
-2.0859944674851576
-1.1049861925546824
-1.3714217037315568
-1.817832447704828
-1.8561969741043778
-2.08608705423812
-0.5454824095256123
0.06912348393548509
0.4991146825407091
0.49297194327462956
0.4025086674624765
0.46854888679056483
0.49030577532542086
0.34232054455674665
0.46247449944998653
-0.7000334850466869
-2.9420860567142215
-1.3734629680307424
-0.38853773273340353
-0.9022280865437151
-0.7080611130088582
-0.8754731272606704
-0.10852182913747463
-0.823670057424597
-0.9213616611685989
-1.265580110596297
-2.281557421279934
-2.8150096604996886
-2.741765954003085
-2.1045808012501324
-0.8660892660097901
-0.45111368728066603
0.2825396021499583
0.0714138328829669
0.22293305426672858
0.4392241586798231
-0.3086643100952037
0.23911965791800524
0.015353291691926556
0.536031894109379
0.29562064229221274
0.7679325549421372
0.18457220587286693
0.6409277757068874
0.6895654077434424
0.11893239486490535
0.42618415137189325
0.54445892169503
0.6491337299605051
-0.4880317274778815
0.11940189838343529
0.36367938196529637
0.4569805813577855
0.6216823999198878
0.6363914447268098
0.3757071573915304
-0.08023934074572055
-0.4404192897146476
-0.3313846456317312
-0.18271078275990324
-0.18720935289748178
0.4163427437711883
0.4100625134285918
-0.26063072466115067
-0.49020747091988826
-2.015619204487824
0.08912128387390336
-0.176592115070205
0.34644148851819223
0.25268926615312437
0.16254312856103065
-0.5656315362847826
-0.7639076570282166
-0.7935650155006019
-0.07418996977637797
-0.16580455179017914
-0.04425941143481678
0.16549223375677954
0.5023445413110088
0.43758042512862216
0.40663510559706195
0.42245070903571036
0.21611197949293812
0.2655403965866926
0.08952027657432554
0.35030547624652775
0.3856238146282325
0.5527538634838484
0.20694121450936626
-0.1872334382497209
0.24181264457725765
0.3745161396816735
0.31280999113284325
0.2339451264482755
0.06519508320979958
0.5015482690414373
-0.04584386405768594
0.16967049644109264
0.24503835241272096
0.1990654415623425
-0.777705945709057
-0.358475749780377
-0.2271214723708376
0.004441475548667584
0.07063300905606629
0.04573835734521928
-0.0036910959522752276
-0.03367856565614531
-0.14892996711085846
-0.4482420560518544
-0.6082003501920255
-0.4117023870863874
-1.0794381734242686
-0.17145855231048115
0.5241732774610809
0.3989767759177536
-0.4061551490344365
-0.6698083521646917
-1.2161511936076441
-0.5464785488152397
-0.18494173910712253
0.05328015638903419
-0.08972822320568408
0.13260939214950704
-0.4529041547086965
-2.2535607021742536
-1.7362094985070704
-0.4898301187328131
0.0808599256435295
0.04876802619760311
0.4214436953286964
0.13246839213788328
-0.08814415537745182
-0.06589353140309158
0.1530520179620398
0.24680956792563757
0.20605134853126103
-0.5107334154374346
-1.2354119422243828
-0.2901413570793826
-0.2073645398415063
0.13995799831112335
0.11797719820261532
-0.3289409318560955
-0.03826224671798928
-0.3491472695081914
-2.090096599985487
-2.4731876305506226
-1.544183843288587
-0.027581630090297155
0.09204277684944753
-0.2541560125124043
0.31050640224999293
0.5762642915332137
0.6294184111088645
0.1827570933066753
-0.40303419267552876
-0.6424583201235425
-0.3212656214847798
-0.9484229130254676
-2.515556245739888
-1.4842774959756024
-1.0113933821499594
-1.1882989377889799
-2.154508631336627
-2.6171945579508153
-2.122689405658175
-2.4044124339679422
-2.452307254725824
-1.176860918608015
-0.05095012431992199
0.24960978381499235
0.27285411237844037
0.3960714147181654
0.30089506719354986
0.24804894825334517
-0.7047948266232431
-0.8311520827178753
-0.07410044758814938
-0.05733076087271191
-0.5581126413764601
-1.8618032122062222
-1.1902454002695337
-0.006262694358078837
0.3081858777469815
0.613213681519708
0.6259924375467778
0.35171221645134565
0.6233723930746291
0.8490244209656146
1.057048107475653
0.8395493973495286
0.5299462857313015
0.87331077218505
0.9584163357352256
0.8728148015743892
0.22061658766237094
0.4025674937518823
0.6722483038975081
0.6609794049696218
0.5774415898020935
0.43012035703607254
0.2891397210452906
0.6174901893559166
0.5762601374423997
0.3553869063775281
0.609405165802944
0.025451242480000705
0.3091359808022083
0.3172459919782985
0.060939641305011415
0.37971322744524116
0.6663303543388017
0.6582268395225491
0.12135314501318321
-0.15690914440628131
-0.14117201578074154
-0.7312442944204623
-2.1551444150265455
-2.4701471694238233
-1.1652941909091727
-1.3904596948226058
-2.8001825696319647
-2.787937916878669
-0.9815471784287609
0.02967708844362557
-0.22898011430319049
0.10296641761309702
0.3081977474365869
0.3350717139302345
0.2853155188199272
-0.9138126903394992
-0.689067925758529
-0.15235021615688515
-0.03910813548094472
-0.2522399287142937
-0.2027875259632021
-0.6674672682267296
0.03563243243016431
-0.009896750481516774
-0.7901358529758296
-2.1228933807305332
-0.8843309361686501
0.22967307022824665
0.043961035904850426
0.28689362246612915
0.5067421626689761
0.7936850380596374
0.3082740743474406
-0.9568127704407684
-0.43547740743145447
0.032136033355544755
-1.2700325408403264
-0.19797449888493499
0.2967038187745299
0.07320911967053806
0.36579575145831
0.29763948569305965
0.44293198242637377
0.47067272033974916
0.5115249133490964
0.26392467964695565
0.06426023044852633
0.44610483780447396
0.05338790649261344
0.2532739726578187
-0.07043326363082791
0.27882261324505564
0.2207570552543884
-1.6446953842526069
-2.6500553969321063
-2.535705479968559
-0.8748763494259593
-1.4125896324772511
-0.201255566818168
-0.08147294520743074
0.2967655189015759
0.021308272122502032
0.25341855304491706
-0.07964605039638584
0.10943149132742244
0.2523843395475629
0.15534479482245603
-0.7846820305157028
-0.26463454970976685
-0.3005779567315122
-1.0292378365363315
-2.277017548779027
-0.8730398080768774
-0.056562296945431155
-0.727293939102724
-0.5296508358505303
-1.860241920813753
-2.4983800786799772
-1.379897607826209
-0.36797086104824717
-0.3111021126651994
-0.05829528859341021
-0.45908635741499426
-0.535729168824056
-0.21198343718461798
0.0322896923329128
0.17988207331932446
0.21476400507557428
-1.0684475447700041
-0.3651323445865956
0.26235461087468104
0.15788856229642956
0.33823134812048006
-0.15760882504903798
-0.4123993968963655
-0.5426860114826285
-0.7327329797146374
-0.5601390023135462
-0.337547523336019
-0.14918474433794646
-0.4546333351900117
-0.11093245320303385
-0.06037259729156584
0.4187513619685045
0.8476248325313515
0.8715412447651872
0.9203902856386454
0.7396457756739296
0.9091425366994911
0.7202850704855775
0.23963630942465755
0.0428600108545165
0.07555649432336646
-0.39215150578703695
0.1456981268928557
0.030694011987653598
0.29521449075176553
0.5787364038544235
0.6607871823514961
-1.17134178414569
-1.738001750290847
0.021356934445364163
-0.8042366683287734
-1.293137754142792
-0.4622093093839542
-0.8814339760385382
-0.747536822018681
-0.24246044963020316
-0.20108624442594236
-0.3888923783187944
-0.6134681238103625
-1.0460725436301426
-0.569750161673244
-1.8231718606507172
-2.510905761394488
-1.6199554710476152
-0.03508695027648289
0.32894502367017275
0.2960404892946429
0.4153173998802543
0.5610422536611844
0.7514072555978647
0.7195767869966737
0.05612201786458255
-1.319139492141918
-0.10470108895246416
0.48721091834419983
0.37057934859248653
0.2799949035161836
-0.6503990728435182
-0.2862944526384935
-0.20364221110898723
0.2890534629403013
0.5546410965593678
0.2838095575167485
0.6507651515548023
0.4913406690209482
0.4039683239251637
-0.22103849634681852
-0.5033816718865453
-0.4665105945209449
-0.5871107051317838
-0.18933437180677679
0.060419943034493766
0.3561679923947505
0.06988623861213812
0.44619167815875127
0.8226089515173846
1.0673262758582875
0.9260995174609915
1.070310011701091
1.1567089939833437
-0.26733116633426124
0.6227501335831914
0.7566364595055778
0.7123990578434798
0.4544201366890688
0.21916807961669046
0.3910166065829591
0.18327681489579076
-0.10425252564454494
-0.2983162408427815
0.07901217361209958
-2.6535453004878704
-1.739479804058311
-0.08062660277005447
-0.04596959543329744
0.3235740908680418
0.5332151137142493
0.6906094164131457
-0.7114889978631519
-2.737965103924297
-0.9655867922778659
-1.6120294695637187
-1.7741436173624718
-0.47567006780827925
0.3812364998190998
0.6570932111905972
0.568505599450856
0.35795422676422683
-0.389116405298768
0.06450330310113159
0.35179604884326376
0.39291484320189074
0.20966218046087648
0.7218038130947476
0.7924343989282218
0.4695558698914213
-0.17320211159664076
0.21187368113423188
-0.9333760376300629
0.09756737243318996
0.39748726419685154
0.0741998750858541
-0.6004654379682728
0.37309321624600666
0.552491226410359
0.27428342735174405
-0.5646785156380129
-1.1550402443138694
0.6197488520585701
0.9490251367259238
-0.12804976066799276
-0.49173638604033154
0.3419273651302941
0.5595343074981893
0.6958152569856878
0.5682091298238814
-0.37696664651616185
-0.21065990639222748
0.16641262622221778
0.05459462655840945
-1.7293800142607598
-0.10569683449730927
-0.20438391222014626
0.3474334112802122
0.11462975323860514
-0.6246045682773542
-1.1851716210622498
-0.1197479412687219
0.686364234574402
0.71169368986764
0.6218915057119959
0.8870425365395989
1.186200621414246
-0.06770843383646603
0.37610179521952003
-0.25787596299178994
0.21868730988347188
-0.37977537530591843
0.907199231854695
0.5403784226820681
-0.44049798913708405
0.11828636869550582
0.30719293180634855
0.2022991457128234
0.4859404087943271
-0.19324849657773593
0.9019166801849369
1.1520966279666331
0.11287435319884688
-0.526148796269537
-0.694290377370202
-0.9491331121769488
-0.6752210859478972
-0.495755646943843
-0.0020104612417527687
0.12481046513086722
0.3177619135822607
0.3183367695339572
0.22500972589257096
-0.37018674950335895
0.4387264951329739
0.29142090763503115
-0.06856502729178751
0.4299143689431618
0.1786512030856426
0.7172135101053643
0.2412641340417958
0.8253463318791988
-0.29859568682008486
-0.43701592931663646
0.28676534609067994
0.15660815669261038
0.2387363166654318
-0.30195180621194273
-0.5599692611632953
-0.013727745185375149
0.3541602466632686
0.520792087655123
0.8372874540416556
0.6900433737564651
0.4197724763467976
0.822005251035092
0.850272501303842
1.0255873544095624
0.8281176077825995
0.7777018771846791
-0.649612143192644
0.13224950541864164
-0.6222493104734432
0.026139367874953554
0.3374384727727321
0.5297354431487682
-0.22604853777123304
-0.7823096793729665
-1.503075734782662
-0.568247581094232
0.1746466593645165
0.1600672334057737
0.2721940298548021
0.4520892927601008
-0.20610659753462365
-0.1658646243145974
0.1207247824273458
0.37875364084804497
0.169744068909283
0.4175966182554942
0.3205750420908132
1.1182376508295924
1.1932420312231933
1.0859565726626281
1.166351759585915
-0.07647391671891468
-0.33426362649898733
-0.2886537660433136
-0.05480868862118546
-0.3189271201656434
0.5253592730039247
0.7253072741311881
1.1234698610804128
1.3008883740272565
1.1470225137822085
1.1496159336468654
0.5569180974948647
1.0874335336207108
0.960885787178369
0.8398582870397644
0.44177142575262385
0.6246803172529439
0.3729088594705249
0.3448457436965824
0.6041369510330947
-0.33245948098919387
-0.0025270999638863645
0.3981255429933086
-0.23551662919041588
-0.30126192770553406
-0.3555990583587023
-0.008370644667492154
-0.6667022772370945
-0.14632942628393508
0.02972459183434385
0.2736797938967329
0.18789443247446772
-0.17401577618859432
-0.010241908567472388
0.24282481239037204
-0.34223254174344153
-1.3089157180902062
-1.3705192364919394
-0.8640717043051546
-0.6494305443731967
-0.34526641420294435
-0.20245374881279182
-0.3356158802802841
-0.5432956320410093
-0.4885373219202276
-0.2902484181920504
0.011743958538325744
0.23905676042121565
0.39200334020159655
0.1049342717530476
0.14656896621691953
0.05151953333459558
-0.2688130788850783
-0.13516333350198967
-0.59929866125392
0.43872538349652734
0.5519176290889323
0.5353798255803512
0.6857521252895138
0.5645187599924915
0.32610493910825444
0.5103043689353479
0.654429237285497
0.7015989414749046
0.8714457453092658
0.6823047265830204
0.6737297764570558
0.6356514249371625
0.3699281425793084
-0.11176461187993227
-0.23957436754758704
0.133341878783678
-0.361819814846567
-0.021374868443948224
-0.09829933035881747
-1.6799055287079858
-1.483833039170462
-2.2325008822333667
-2.427664482797693
-2.379158021582934
-2.5411473074843434
-2.0944419162075816
-0.31784084832079473
0.2643647197598582
0.35658747437598515
0.4720093348295079
0.44046983745632273
0.3689505168829633
0.6584811575751287
0.7796133751210266
0.5463428318886387
0.3464559074065663
0.3799256711622403
0.11388940787888119
0.43129149788559806
-0.10424553346247632
-0.0848924061570824
0.3953998737861193
0.4899972706116673
0.2184475697487537
-0.6158122349918275
-0.21738528002744137
0.07193289057557578
0.45009180001386684
0.4916852357693585
0.5893876697673417
0.6768722940202172
0.6081163164187049
0.5745695703237419
0.6199643257271359
0.5704639400623597
0.21046178592191353
0.23030046303467325
0.39924861329230343
-0.16528370853354732
0.060768486013885216
-0.09439748089250805
0.0419399688777994
-0.5975778207613816
-0.2624547253725984
-0.11301531231302053
-0.6222299279602889
-0.33936756189327566
-1.3903352455318092
-1.7356390913212076
-1.3167763112137227
-1.904289637831568
-1.5330907796310764
-1.4380745485501503
-2.4722405179625753
-2.4928537526349306
-2.415647006344308
-2.728736958900341
-1.8571874549667948
-0.5553853133192819
0.320105042437688
-1.3580900214034084
-0.5441675716808088
-1.5736093030461513
-2.1109633405939245
-0.8712786443707354
-1.9607296847333175
-1.482184506377073
-0.6866262711754343
0.10695532634037441
-0.29130330553933415
-0.6611597910974325
-0.8239152502111188
-1.2795252129375176
-1.3336288380541854
-1.0904873207740815
-0.5239312139196166
-0.6871682483418287
-0.2664855822223996
-0.019877129573808234
0.0997762018317181
-0.10981678389688344
0.2295823858360204
0.6561129633325345
0.6045082139255085
0.2612406004583345
0.25920402090383177
-0.0680402190378045
-0.15413247537538294
0.2927680041438333
0.03490025079021708
-1.8025874692354074
-1.948062347576735
-1.032832970418116
-0.16984298503904563
-0.19318859709110975
-0.20185681972519404
0.3844071683986877
0.38197850839362724
0.37247145865328635
0.6053575585474316
0.5202584437747864
-0.6553704896783799
-1.3718617231142987
-0.3571001866224963
0.1864658686638246
-0.7707368482190601
-0.724296656854138
-1.1399934611735387
-2.1904810183051593
-2.1209718792467203
-1.340851982945764
-1.3092122624226248
-1.2139119315381734
-0.9910550719696276
-0.47040638245413047
-0.1697513896972557
0.24229819870939442
-0.3415616983673123
-0.47388734375583474
-1.2395887784458732
-0.8367117016111061
-1.119692940804569
0.128885213394423
-0.03891611127942276
-0.5341900037621293
0.12007740380304249
-1.0757452398753664
-0.18975981118528323
0.5304550347096253
-0.7581726237513822
-1.0776424028889842
-0.45691897756588407
-0.11199801343114188
-0.5288091331574074
-1.4869761303676952
-1.042072494653523
-0.3283413437884898
-0.7366380558918708
-0.5716629029085936
-0.3550515281477078
-1.5644530731914077
-1.940803659804998
-2.535609452876991
-0.49919004856910765
0.20748785998600208
0.5600186812824919
0.8509154707688082
0.2691285075767358
-1.0774823574936634
-2.232366610215899
-2.1809480525681773
-2.7297642886220452
-1.4103936010588474
-1.1963622539612804
-0.9563884113821584
-1.2768125617888766
-0.9777888183869979
-1.6236441329813278
-0.9893031948673818
-1.6911500127257262
-1.3354458180560793
-0.06376221485980497
0.40118547100110213
0.1507286097268347
-0.15864854285403188
0.4052147474322765
-0.49453064824915904
-0.13346649385889667
0.11759976177619569
-0.5035354515319899
-0.9697646756878849
-1.3510558448209402
-2.3555229211846935
-2.1709489485396904
-2.1109095699083413
-2.269846864439839
-1.8118635658324593
-1.0780599186766409
-0.7425021695167526
-0.4124988386150583
-0.80738479101481
-0.4882815108168884
0.06129595908806354
0.09796544399463084
-0.9313253705941562
-1.4140758765051151
-1.6834091006473864
-2.067142166257675
-1.0586613689779882
-1.38773374795074
-1.9437930157741492
-1.5781174943764884
-1.9847653398636822
-2.1709263388921958
-2.1903635941176574
-1.712116774548092
-1.3522186032204642
-1.5468825463831977
-2.123474008995699
-1.9052759086915434
-1.206175312512166
-0.7614231778621201
-0.6547738013768037
-0.7451017568158101
-1.7002011110734383
-0.3432027809182919
-0.17791156750227546
-0.021283706645254703
0.12880558748426368
-0.09425747100570521
0.3726121207952332
0.6387584701137223
0.07559416365844546
0.4487842450959504
1.040821552873245
0.8016101850206949
1.2686739249873304
1.465653470986622
1.5157618604265308
1.0573883666050747
1.0608206167031928
-0.04392521277309934
0.4748974731068023
-0.3121649445106959
0.621555635761778
0.005075195802745926
0.28346260932547707
0.6266829218630077
1.0041022658825276
0.7480204892169994
0.45101317023319254
0.2601658756802876
-0.7623435729182839
-0.166479196113871
0.61451903415126
0.10791476558613272
0.4857749605624486
0.08724802515976804
0.44783859389317415
0.7910946233064228
0.7406669291243542
0.7616789513661169
0.7885401549742679
0.7046066578649753
0.8599495158635119
0.51036684715054
0.8365137665359322
0.9545747186168904
0.7300651704582758
-0.7695459672476386
-1.1926872516382516
-1.8244095979282156
-0.532181714771681
-0.6233709984615406
-0.3866984144650668
0.519093940197827
0.6149453575135939
0.5597210206462928
0.637195708450765
0.4439843768851065
1.2312587674895805
1.073826435561186
0.6531742857887342
1.1753174616812265
0.6984463692186756
0.9178019472628476
0.9841031413619663
1.178913751524988
0.9949801579968806
0.7653318995995405
0.878812181764206
-0.35279525239296305
0.30470521906799
0.6519577757814121
0.8415202293048517
0.5770397219579966
0.535612482907342
0.37253250594574483
0.3638449104801691
0.36481632423377075
0.5736633527740352
0.40078867812893293
0.8995671827163251
1.114334334386116
-0.2598511497443021
0.6028344792569791
-0.9887938490888168
-0.31348861700998265
0.32310571853407033
0.8879824914446942
0.8066162968610682
1.0179438800605862
0.9917534649009907
0.3605554145328381
0.5248162718749321
1.2162096657859975
1.2702875635196025
0.9199849810413853
-0.2155920325025982
-0.6808323873739756
-1.6373727168448602
-2.0651441041702627
-0.4656527083045314
0.704707131876474
0.7332373511479633
-0.8227277059374579
-2.090493925391855
-1.5737591741525008
-0.38745148472328117
-0.3544557386012024
-0.25091829235629326
-0.31126570313187707
-0.22676072250824672
-0.07274445211649563
0.5929407468532282
0.4856188897162306
0.551125185107161
0.5938280931413054
0.6812837292466272
0.9227113531229238
0.6384460919922912
0.9429324484517049
1.1727086367800927
1.2075418292745075
1.0598442916386646
1.3348581045823738
1.4533306281004836
1.4275913337523152
0.09313877160971555
0.07297125595839656
0.3044866760836855
-1.2114919146679988
-1.8022633242761106
-2.732178068446755
-2.912017358891569
-0.904249831564074
0.4669577201968177
1.0295730192284975
1.0587853272978751
1.2034080275349044
1.119333145780071
1.0481917401033958
1.015519745706744
0.7814414825677631
0.9517190373960682
0.8828654644246373
0.3098763616146143
-0.0003660403460846338
-1.1856594308500925
-1.681553069914292
-2.0100316526233843
-1.6809382658397962
-1.1421929761737444
-0.8492824426418202
-0.7265404084638197
-1.756068163688461
-0.9056100994849609
-0.043332158739871576
0.3633373484201504
0.9508652827834633
0.5943327451678694
0.13112615800429867
0.269033606380473
0.026812375000028865
-0.1346449102114626
0.3080321653258774
0.6715604614812718
0.6690196910351275
0.6685705223696904
0.2616824453828912
-0.6734747405900394
0.7601914202726826
1.0647754438746506
1.2613617229608896
1.4244768253134747
1.5131671853488957
1.5043096025080325
1.640710681591377
1.5839024034704916
1.6746017612552258
1.6693568777478969
1.7454584449280717
1.6468180084405148
1.8672223915624593
1.6918306139125827
1.8114190757081776
1.8346456205961021
1.9446546594425387
1.7105841148726217
1.7777843172576353
1.845846200332141
1.8878698574992865
1.562935174649405
1.7216648278553541
1.6984488520492054
1.393565162833028
1.6442886072360436
1.5718897190603234
1.70127839110598
1.8086256921757653
1.8551796581933617
1.5903221188482684
1.862316115050227
1.5026774092509847
0.9100237627227107
-0.21046234227627353
-2.074077598973264
-2.432922436624282
-1.8970078703768054
-2.5872246534687413
0.3911587783203109
1.017985233307149
0.9259034478247194
0.5968223889433131
0.8823556436621077
0.9431851260519856
0.698042861654284
0.9811899684532117
0.1475594827603745
0.28317940210537995
-0.09277308013657526
0.127158392966408
0.6401143286869717
-0.32315123066927165
-0.64562018284491
0.0007331595760578236
0.8029181817766746
1.0675306838212668
0.39007067454955113
0.7154652673592613
0.6473412471325966
1.0808476836882133
1.0835695503306366
1.3064410500671029
1.4077353199562965
0.5886251472189743
1.2814855664944935
1.653489287299391
1.4793362748501857
1.3058626530062056
1.0348595287967814
0.9962687745344921
1.1198355411269032
1.1182878878180962
1.176986324428684
1.142896781022135
1.1738794410040452
1.266342857859236
1.3676415740167132
1.3288562701255069
0.5871981996571344
0.711565378514108
1.259078833355111
-1.6433171482425388
-1.5822694855901016
-1.0450923483558248
-0.2661989859645181
-0.8574842689383341
0.16306320495555707
0.48209996309463043
0.1351195647583268
1.051022006017162
0.8887248962892124
1.1498170219808521
1.4384866499738833
1.4991521800278922
0.9369925085445936
0.4849667643235953
0.5216680517019989
-1.0761481707517142
-1.927565752069087
-2.58289769619228
-1.9651530101237704
0.05884293758050424
-2.076057359526949
-1.9324379041436994
-0.4144655724203623
-0.35110939275846886
-1.4429697688427738
-2.90741589111814
-2.138520910741428
-0.9582045204243553
-0.5179146039267898
0.010032742727969111
0.17791388971100644
-0.17910901188236034
-0.6787218813026924
-0.9711177793521669
0.07248323747205354
0.5623914532011685
0.9136960812116017
1.0895546338099096
1.009162469481337
1.1878256194385404
1.121746662464798
1.243201354299816
0.35437182005767054
0.6465837106457648
-0.4031309883411599
0.38499034921724473
0.5473488486301996
0.3181423900689204
0.6585932019821167
1.0161858648252502
0.9373345158795917
0.3900871322385895
0.9980863415525185
0.921680790770124
0.8559888097036075
0.08247477804755457
0.3081586200530977
0.17108197231794123
0.1613034813313486
0.15531963685174546
-1.2555250109876885
-0.8906464935632057
-1.5951128705953812
-2.3811221274674312
-1.0969231645519075
-0.7282565569912648
-0.6015944907495554
-2.414968844474865
-0.7064055395455261
-1.0139736700959325
-2.534913145689619
-0.24337524172883365
-0.06839160537172148
-0.3551356934552472
-0.31910015392126256
-1.0595736772329942
-0.8718445618213451
0.18982525463747454
-0.9036446867778595
-1.3003262734056518
-2.185017039599643
-1.4700986182747071
-1.8165498250785757
-0.35333232233433964
-2.8300111603671887
-0.8326920069217564
-1.7931098719509337
-1.7574771295411953
0.026842574610438555
1.0421851376266302
1.2668767448432636
1.4011437881779896
1.1437195139728213
0.9175599807396435
-0.26063175658919535
-1.0368212243268078
-0.6337458287306159
0.39202104064355003
0.8820553560144799
0.8042843555585147
-1.2336164488307155
-0.4669269107616082
0.5800235667240761
0.7345603126411054
1.1121449189859245
1.0626374928314684
1.1295773621216243
1.1963988387786118
0.9021804986934122
1.155908761409935
0.8283255089062918
0.8643749352490933
0.8745805088458469
1.1212665618420798
-0.8629986077114065
-0.1325354819532131
0.5701410675401515
0.9509937216959059
0.2973639807515567
-0.6616694282409337
-2.6979694922610897
-0.9872500634532432
0.3628398374175088
-0.23411707817890726
0.9378803966085362
1.2440262028542157
0.8093557659572601
0.20394395014893885
-0.04964487267699061
-0.08308814519009422
-0.6808734260236746
0.07910641479744074
0.9122776672901528
0.8363332204170075
0.42925826749215623
0.7600947305610593
0.9118363067527923
0.8237864541628195
0.7156031325973043
-0.8158426452643546
-0.31260807723673123
-1.3517785899354606
-2.086490874066477
-2.483600674994862
-0.7941215426255592
-1.9915277401590745
-0.40262121049956767
0.6473156982601573
0.9407072061052298
0.9184953765353329
0.5434095082507603
0.7288277286410224
-0.31771379847135794
0.7540423664537752
0.8503761584133459
0.5774517686701748
-1.221556043390662
-0.4241939169215069
0.2639950636951951
0.19965077495986513
-2.510451553362696
-0.607624054336355
-1.4176197314314558
-0.4594913552455253
0.655285869266904
1.2535100953672011
1.1481932496391918
0.9226154079605958
-1.0121401616897419
-0.43617872114908607
0.6368796751739025
0.4985626799834517
-2.3643898228045632
-0.13522554366577574
-0.26376554836077704
-0.934231852373871
0.2017328208109528
0.18978103485288897
-1.9917084432827943
-2.1712483562470872
-2.882423107593617
-2.0888429390505054
-0.7804159359805463
-0.7639090994200701
-0.6222964614777553
-0.4952807956781875
-0.43848607038903087
-0.45289529001315154
-0.4550726037891588
0.018123717747460022
-0.47150981829522887
0.45464288151289456
0.26813729856650925
0.7107173360509131
0.5681455538344182
0.1584833472060162
-0.3461973374344185
0.05403442473108982
-0.41819952955072703
-1.6274624881173503
-0.21683440709826776
-0.4386421391564841
-0.6882072833278174
-0.08859780373780447
-0.9490985029824027
-0.442071999126577
0.12325456358647191
0.892298265316431
0.9547313978209785
0.8676531998692405
0.8295244298443992
1.0022516536377428
0.3064363804787671
-0.0633399480463928
-0.09510259118936547
-0.31480758691529065
-0.4408671757422492
0.02479889879191251
0.33477412582840704
0.1352964716193121
-0.5314090053095688
-0.35371682503314994
-1.9173222819122786
-2.8954184351094394
-2.716539428754163
-2.7319057968785136
-2.479071313984334
