0.37879017575394397
0.23067720076810988
-0.03710473752838864
0.038687450363026885
0.2899667655256222
0.16336298363619967
-0.054740911900726205
-0.04040891646141388
-0.09402741592452032
0.1508681624094289
-0.6997880519398825
-0.7684023058742966
-0.2822280008450298
0.19275999353635515
-0.2005387483878116
0.12263988383711769
0.38616680240276174
0.3826347620515543
0.29547612377925486
0.5459547266523834
0.5447093145739681
0.4705466557015703
0.5648084575627603
0.6972581174748416
0.7673688247956993
0.7473983522479668
0.855065894976974
0.5249253027415661
0.40651348915230995
0.30354435416010056
0.1889579629380155
0.4782270803205131
0.5506268383935911
0.6406612556417166
0.5687893947097047
0.35690438803781216
0.5840249989693955
0.33134700776049103
0.3456184487869391
0.4824039686918502
0.4795298853982689
0.8494365376528337
0.6208422553883419
0.274872318659856
0.2802281100668189
-0.04196032546925067
0.23797567457851687
0.38995467522057353
0.4621732163198018
0.3975698042719459
0.019497776286467816
0.029114202985244877
-0.18539151012567195
0.24944514805936663
-0.019760332375199245
0.17599669787561692
0.24230684691345594
0.10845550978765643
0.474575728371028
0.7286992757727555
0.5538548175346478
0.035754843390784864
-0.06950148344922158
0.03209278119356198
0.0827574749035184
-0.18210380231133122
-0.2957505698942423
-0.5663123274531225
-0.6511441053843094
-0.5872324616593254
-0.3332938265498195
-0.4336874077190447
-0.1262866028139992
-0.11361141913792538
0.3629444798036508
-0.32024634448924166
0.023443931014508097
0.5287710909429697
0.6687871837244821
0.5266608590121524
0.6465104854295161
0.7640763314231276
0.7295795670660299
0.3529310866755216
0.8133821647481627
0.9768242692282405
1.1213889647328712
1.0476671469081023
0.9307325218698628
1.0788919610453187
1.0650772494462055
0.8878890476500498
0.8122749368635271
0.8294147774644949
0.15145004328001485
0.21550662212272997
0.4840338996980239
0.5690041472194023
0.6211345538528448
0.6387500215419177
0.8765267104606973
0.7666925690263884
0.8615916788409661
0.6424502765224032
0.7326601341495007
0.8334150325829128
1.0373947149411007
1.0480229179533118
1.0377637455557254
0.9503107425839343
0.8412561597480004
0.7924595932311662
1.039612560421254
-0.31462276762420244
-0.6073118103526474
-0.6778342358196356
-0.5525553425732408
-0.3998068572159283
-0.22019082854161098
-0.002447072904756424
0.1927492973393836
-0.10284838529839438
-0.34600789593414144
0.1519479861276333
0.08999968195279798
0.18500085590967996
0.43759444377066053
0.6747285585332887
0.8135620487969772
0.5941199946799292
1.08875408601776
1.1528708540665444
1.2299804115393729
1.186399954261771
1.0943309128272063
1.2195906724642123
1.0647992584023906
0.7087042171139348
1.1637079512638444
0.8396395725034711
1.0748386101471847
-0.8589567051550404
-1.2496921834944794
0.5135326065955872
0.8100336952255802
-1.2498643242233445
0.6734904273553133
0.48102364137434117
0.6451131071705016
-2.1456497215783252
-2.5270926579055133
-1.0943346484437506
-1.0346114717993655
-2.1420960625693337
-2.112778807926885
-2.725087302809067
-1.8532841396413742
-1.6956928724376543
-1.7729356861824905
-2.4820655539355667
-3.098619694855092
-1.704251733997505
-0.39240184785398163
0.11066330744315211
-0.10617718152155328
0.24653461935870533
0.6082791927168225
0.5896698124144291
0.9190659505742784
0.9726385671058093
1.0747227774092043
1.0003169792612518
0.6186319933752349
1.2391467834289525
1.1934332558909788
0.881486302054939
1.0890945712208722
1.244621352525706
0.7104985608133796
1.0668924328884455
0.8358957553545687
1.0916495708580212
1.1879300696058757
0.11571598436280801
0.753986434782377
0.917887215956033
0.899387097325588
0.2571175815110664
0.6056659409913663
0.6298852103775814
0.6525264125041133
0.8951461070191635
0.7751822933534591
0.497082677599088
0.6419203999795042
0.30609065919642003
0.025314828203415296
0.28380262897605707
-0.9034891809954895
0.09967922068464447
-0.2343179882135809
0.13520166773108447
0.20181682555476232
-0.38994428858463714
-0.5353126886616104
-0.19933322556222854
-0.4806510536577888
-0.272211707126643
-0.7236638517702303
-1.221914357610695
-2.688510589566277
-1.2939224665989164
-0.3250256655191222
0.1585693419359494
-0.1357927724766265
0.24328845913903951
0.3856792058430761
0.3694613995025377
0.4657493006587822
0.5378060814634038
0.6588802828663956
0.9121355291445943
-0.26980294410124583
-2.454941809589974
-0.44440616786291615
0.8541800623338689
0.6215495028814764
0.8625648757885678
0.39455465428671993
0.032486974493253204
-0.04455472492004361
-0.9417456226063237
-1.9934350073725038
-1.6929868416345393
-0.742343603350238
-0.44682716930281036
-0.8836829664962986
0.0245920545145299
0.08869526075383213
0.2032683238139506
0.43493516375710034
0.4025212071775172
-0.9503487840274774
-2.1673044828854655
-2.255211086483961
-0.9052161153787064
-0.7486961027408614
-0.20315022814043082
-0.48921625421975995
-0.13414840074611398
0.4802240451222197
0.6749240123386864
0.18127651712125076
0.2765995625602281
-0.9198674024782763
-0.015755961196503077
0.27011737751894055
0.5225798965422885
-0.36586246630501756
0.20603179714852282
0.33573356978448127
0.48431854842999206
0.7846585715230712
0.18865967239825585
-0.1699917711377648
0.928999259896439
1.0834361987306471
0.6462194347394996
0.4943849204557123
0.025539285384640578
0.6205557288147299
0.09512913437341543
0.20050185380458754
0.1409618010690673
-0.03170092617293626
-0.4324080962007039
0.10588771764611446
-0.43701277359169627
-0.6332673064075278
-0.8291020170980854
-0.17712734015885068
-0.7154001829603993
-0.6526413596953209
-0.819193213056693
-0.48261012398869013
-0.9132032070702552
-0.33252215709101374
-0.16507514015889535
0.032852816585379134
-1.1663508832122238
-0.31589235657916576
-0.46884743834099435
0.3061030543914969
0.7307588263119553
0.2821059506997892
0.5073780631053784
0.5516457473339098
0.8345631589189533
0.9291621427084273
0.9974670021460608
0.5198522054258286
0.731079897518794
0.2417726576990606
-0.7049446481351995
-1.3504650875573339
-2.197280298038866
-1.1895082944438926
-2.6120328541613254
-0.5596925189943414
-2.640528338980206
-1.6448440327234677
-0.324263043288782
-0.5392854449224875
-0.04994253482905195
0.2711429047593073
0.33918015925809036
0.46663316237002056
0.502241112876735
0.5888582524401835
0.388620074729218
0.21535199878945072
0.3471320298845772
0.6374527363015214
0.7523610252094888
0.9521467852715346
0.3960842597282478
-2.574361851349462
-0.6956398450629415
-0.14463529023430896
-2.783295587773494
-0.43484256778654584
0.0035399879930321163
-0.11431152031796167
-0.11632522391782904
-0.14577725187400054
-0.3532252000223608
-0.006274167731650522
0.28401658794045853
0.405921723584595
0.24724372272719464
0.20060315134376466
0.2352987492335885
0.5491758123148773
0.8552342985326868
0.5512346242331922
0.7940915258916772
0.9558416835107426
0.3923628024976206
0.6790304628160588
0.30600569843341735
0.3560137434270502
0.0010730238975995982
0.33887832516565397
0.5261818971007679
-0.8173554741322417
-0.5917557636010362
0.06552401681468983
-0.7292212939776241
-0.2486345384361337
0.8209528394155969
0.7769274076599726
-0.43770880396775796
0.09435758713843659
0.5750312980931807
0.26345956943927024
0.6298283860904164
0.638154237515046
0.4371091156124283
0.11056776595120041
0.7551313930108883
1.4669458385656593
0.25950524063348773
0.3248024765262393
0.8114040867646375
0.7772086114225494
0.8737788765968368
0.8191732475250204
0.9768528200127204
0.849951609606781
0.17929532596820585
-0.32727135152508813
0.29841794645547154
0.5716972104228877
0.721674177713552
0.7669533222722418
0.3106699136504206
0.79337494329829
0.9752625195349831
0.6657614997451937
0.8875867649350913
0.9296147357333822
0.42413918850148097
0.5191538430052509
0.46706814676536573
0.7185774622614538
-0.27625358756591883
0.31888681435294897
0.8235070221644276
0.7855329743479025
0.4800720837364361
0.08146812263935853
-0.6961212329777451
-0.30782904151920837
0.21851991063559928
0.6417145285576098
-0.2865596881855214
-0.025260682900400445
-0.04936401857088186
-0.2077938557498587
-1.7617974867444133
-1.4875551855395386
-0.5053768673748318
0.03107430457992341
0.3036871281251206
-0.09160539597729567
-0.5131729737227899
-0.34248567959396425
-0.08980939511989175
-0.27715546774540895
-1.7672268366657968
-0.32269628404121187
0.17859814243961553
0.03544987762240749
-1.3813127703325316
-1.2135597197527206
-1.456751755178415
-0.9926037481024617
-0.7222577369771195
-1.046844881483053
-1.8629298832824013
-2.197866004819058
-2.4362415406073032
-1.878044524767899
-0.8887496558644936
-0.413007644719388
-0.1512749810843876
-0.22915150992942995
-0.33561455149394454
-1.0804367339008119
-0.5948896287644214
0.031303221271182485
-0.6758339701262164
-0.70657007645335
-0.10800703241440082
0.007890778684169264
0.634918652956753
0.3753415969312051
-0.47015506715805705
0.11682998643695611
0.4938519883251464
0.7638693197368887
0.9221263195220741
1.0649911709551907
0.9633609669204046
0.9917976010063565
1.0065851110751047
0.6340141157114847
0.8719595307975712
0.5865328518965132
0.3988139909141541
-1.2636836377695528
-1.8408534290450966
-1.3094190607762355
-1.2438141449941025
-1.6227885810107927
-0.9142068624550508
-0.07296714201181442
-0.7521028992005192
-0.4730975138429087
-0.46116282413075743
-0.4788500695567013
-2.258949179478574
-1.3749790490152125
-0.5535668130030738
-0.10676984790893708
-0.20472608524923214
-1.545173795108362
-1.412811152526509
-1.518031290672973
-2.511428255944668
-2.479302187949446
-1.744658838666285
-2.5073987268111027
-2.736143110502797
-1.171336667103802
0.25026534318995275
0.4358581033811432
0.18896916624211285
-0.1315966265371189
0.40269184994365487
-0.04254278861158457
0.16373165264932016
0.6243715675220434
0.4202136685309504
0.4444378359944392
0.681738590036236
0.4352505128476948
0.5991286659996815
0.5493329418949575
0.5680962091084796
0.8318411570742124
0.3614134153661887
-1.6990817487884025
-0.8532253702054464
-0.33241357687531464
0.04290046424467696
0.07895574383569202
-1.0438157955533314
-0.6748285723417473
0.4080894212181615
-0.13563459071873543
0.7090956041933598
0.780094730472392
-0.283607487169698
0.6979142036709245
0.7173545633497518
0.8404762849607057
1.0472873932394446
1.1088838968284227
0.9368226065596073
0.8334735922709515
0.8714539273359654
0.4743177876155518
-0.4665233286894655
-1.9784601172257377
-1.0468921365578856
0.2627803886706008
0.5686842427507062
-1.8774978489403455
-0.9632499861561574
-0.4986940930606288
-0.013625206901370032
0.39266076456298166
0.28230678763689393
-1.825500706682168
-2.580678953507891
-0.6867961217293255
-1.8754950636923309
-1.428753962237084
-2.1056238665692617
-2.9863337081188406
-0.8381480184967478
-0.6348784937402758
-0.9818910827991405
-0.3350117536482576
0.28759369017702635
0.3269008019893968
-0.08932174991164755
0.2307967494170618
0.437486925625009
-1.3874975802035039
-0.553840904683627
-0.21380679241771539
-0.4589169132438777
-0.9381616683746594
-2.609149115439402
-2.989006395172587
-2.1163914096485112
-1.529600258798751
-0.7773227210701172
-0.5425154191175421
-0.7156340290262586
-2.471597484064508
-1.4671195473339143
-0.5440085466984892
-0.24194722396170468
0.17154509751599417
0.25158899751087266
-0.04230768849906082
-0.763730347478693
-0.9678470264069623
0.12466858065303998
0.38926948536561284
0.19017333833905453
0.3611521031454929
-0.22408378692732633
0.0659729010192189
0.016037277314029395
-0.14348444541086897
-0.20392488037735518
-0.8042538977712901
-1.9009672863671132
-2.4792344999928413
-2.9654667576611193
-2.534730619179214
-1.3962958399010834
-1.1302117635748934
-2.0158774992950916
-2.352007143135818
-1.4691391784652097
-2.082317607710538
-2.6447859226098656
-2.162526542239514
-2.4645552320160156
-1.839940633147712
-0.03943557171593456
-0.7488985527192402
-0.4758885669804444
-0.2549477101801149
-0.9052390521848923
0.17176823715450268
-0.21165079765265538
0.3286663148905458
0.7173661276187417
0.8465505678617122
0.30438169725877373
-0.12910012543668925
-1.1413861734348492
-0.33256164793450865
0.013810783426644489
0.2566020577122035
0.06322410930482528
-0.7017050107062208
-1.4679954503872212
-1.918405432375134
-0.67925647648026
-0.701722501652648
-0.7457711241113536
-0.7486398243690862
-1.7665342313075183
-2.681635465062065
-3.1253726309010856
-1.1776595813029451
-0.6067573787623468
-0.5514575666785648
-1.7154319923835673
-1.191691954035681
-1.9281343572502463
-1.676882974190634
-1.9143328433796494
-0.873360072421393
-1.0130612372865648
-1.443201731144593
-1.4632774983998624
-1.8604814126271023
-0.33834532447921317
0.13826647885269838
0.4992145994721124
0.5195788649132895
0.43502722959641216
0.48420533117451053
0.47319149169703595
0.3777215180091676
0.481092563860573
-0.7051332097184955
-2.8257330296608534
-1.0728065922134118
-0.44520865133797566
-1.1234368489943005
-0.9265739896097696
-0.9159636734942318
-0.3383044176750448
-0.8835928706955196
-0.8331434816099703
-1.0580924974141728
-2.001227172019961
-2.8255380279828555
-2.677791471447079
-1.9598553496641566
-0.5890719631865828
-0.30041026046697894
0.2582779531573021
0.045044907027399494
0.2829214729671298
0.4076857614557349
-0.24969790379350865
0.3287905249915698
0.04911515427094172
0.5209717625547545
0.35007433387770476
0.7077933770262401
0.23365701200340994
0.6347914665343739
0.6747295295854443
0.16269180230910546
0.4314823283495273
0.5399993694487237
0.5714886776776045
-0.551475508991188
0.05288651715905563
0.2955891169302535
0.41883551806124186
0.5705212881028623
0.6378165177002613
0.24191910468121813
-0.2176611119113117
-0.7162059643695036
-0.6297692572154872
-0.48617450898699
-0.37546967971561734
0.29936422601319657
0.3325062418572356
-0.35817049451713984
-0.7049652685050036
-2.1860228208642143
0.1312420718052545
-0.09396389268469842
0.24280978053403582
0.22338828135540817
0.0623905040228433
-0.5924935010860721
-0.7389099094299048
-0.7314741323399259
-0.01285866988015577
-0.23969102962397398
0.040719368344349804
0.23593735630976853
0.5220509491824874
0.39050060282891486
0.38841113069645433
0.41161342164125525
0.2052619309371821
0.2755295806527736
0.04849638017821316
0.29622144598608896
0.3366681817053567
0.5226988366069685
0.13435407293100063
-0.19784425817151552
0.18373828704645487
0.3342550821555767
0.2602537580202005
0.19258405735651993
0.07226258497602138
0.467976804518944
-0.10734553126356797
0.0696098138352692
0.20739681932091691
0.1508280418222357
-0.8620151262855686
-0.2731439144533173
-0.292362628364562
-0.039221356014113536
-0.023607817333341104
-0.056526771753149206
0.018855070436350898
-0.0005220162859369947
-0.18604273724925213
-0.42755231629493384
-0.6421408908787147
-0.33521507704662007
-1.0035510099768865
-0.08668888836170383
0.4921283989743521
0.34640289673159685
-0.4599882546618971
-0.6312491361152861
-1.1371881949263256
-0.5168499324635929
-0.18361671308490485
0.12474318950126509
-0.024820048477769367
0.10002083223448167
-0.5154737235083575
-2.3955866520463123
-1.7462910074112565
-0.510229003149612
0.1397855348434687
0.09617548071896248
0.33480841971618297
0.06415670864911167
-0.1467823960581956
-0.1744102577917777
0.03523924413675202
0.11687615613820043
0.0873677416445571
-0.6481636968098843
-1.3224540037955628
-0.4541203706006007
-0.338083761852888
-0.01836137848271058
-0.1006038027811243
-0.41894869101265697
-0.25104572301041855
-0.5094168673392454
-2.1189584269345545
-2.4302756254296765
-1.600532427649104
-0.3045433820530028
-0.13161503560110227
-0.3343616739415011
0.21502242525307227
0.4389610019411708
0.49950059024012355
0.08188659090096131
-0.5689180200223942
-0.7321329697267069
-0.5176258973690131
-1.0877859963374217
-2.582102336919973
-1.6323585745508036
-1.2365350873700425
-1.3190247750177988
-2.1565415783699566
-2.7120616468799192
-2.210186079438149
-2.594893463670234
-2.537853715385288
-1.2372432697631741
-0.17710219805988228
-0.03043203187343098
0.11106265235385454
0.24053472609693546
0.11549613660514274
0.11336366161352315
-0.7594427078565196
-0.9284977756874742
-0.27013817296457493
-0.2340290291171464
-0.5949373157533162
-1.8726450256572893
-1.341528845623081
-0.21364477692244047
0.24316302107907484
0.4897741010350278
0.5425067488899142
0.311969681403783
0.557220233440183
0.6977617445599924
0.9138793945018018
0.7076529047245363
0.42695591334039124
0.7144440916493291
0.7436051888527742
0.707727768869757
0.08186880188131285
0.3291649819504002
0.5004845666802265
0.5452711449700656
0.3919400758223606
0.3150704586117605
0.1866118977988082
0.38207299327108596
0.34744210401371944
0.15255832592289031
0.3998741268760035
-0.11098724453258185
0.10758496284725601
0.1712270315255381
-0.028939707567130595
0.293982768800962
0.45805578498825394
0.4737122120537371
-0.05467458031615488
-0.2675177333735381
-0.17450456070239123
-0.9383191897818268
-2.3443761038234565
-2.7624210687465136
-1.4344969826563596
-1.5691499751637477
-2.913994523808475
-2.9754013379700694
-0.9335706383477915
-0.15817019702004942
-0.19882383454480207
0.13995955583843087
0.19612024214134158
0.2642526649534061
0.16109900120039167
-1.0335061401057533
-0.8139073593914581
-0.25686095882080257
-0.2992390599591311
-0.4294936870273097
-0.2776173889451721
-0.7795481943675975
-0.12968380513158248
-0.1609177148581748
-0.9422313539785028
-2.1544439960610853
-1.0440883494319357
0.2128238316447186
0.12243594259155414
0.24746978034586392
0.5675685380170958
0.7247390006462664
0.429909747325396
-0.9982527844048368
-0.45579780392923425
0.028527131695057113
-1.3572982407110883
-0.3560846297440224
0.17493639366773156
0.006365102758468973
0.25432120548920284
0.25169899564430576
0.33776137309858306
0.4151012552743943
0.3921964527293748
0.2437433710611912
-0.021249605268752844
0.3621529235966108
0.015616234199289626
0.14290431439097231
-0.20090256673997875
0.14474040736464389
0.07861285238829108
-1.7135258994745588
-2.70113431274392
-2.460634038542851
-0.7928249065661856
-1.4039888143346637
-0.11815736917648777
-0.13649266275596966
0.1256312154146172
-0.024984100529763652
0.14433214359214647
-0.1007257554720714
-0.0034358735569060047
0.13630678572343785
0.0559441234602105
-0.8701127662075736
-0.42537732751046603
-0.4640667739166812
-1.3427743077302596
-2.2754166229805244
-1.0679056813341339
-0.25664107623570576
-0.8519537088070301
-0.6987136989234402
-1.9167145905336926
-2.571244277221532
-1.6411839137714777
-0.5737552668117676
-0.45188258522423363
-0.1924085485421948
-0.5738767007708823
-0.659733321134359
-0.3224112870344977
-0.09169313203142236
-0.011710630135557083
0.08386308426971217
-1.29248643250551
-0.596162487337135
0.07434284666946567
0.027215250262726733
0.24700761620372308
-0.31186466094908005
-0.5841478617882063
-0.7136021320172838
-0.9348129063705775
-0.8515696122727399
-0.5208043765219184
-0.38161608219721094
-0.4950409546695818
-0.07123036033618316
-0.12457172917486903
0.38297955246813037
0.7354244892657076
0.7277521033104506
0.7304608261778252
0.6246690218295692
0.6841879188587263
0.5160921857784324
0.16174572057302516
0.03931187919187277
0.34757406183314327
-0.20882217439992695
0.24287660521857027
0.15189015753889312
0.34478342350869257
0.5484639963369846
0.6413153588091816
-1.2363099142847511
-1.7761819033990076
-0.07457448428658559
-0.9844816239384226
-1.2229644913002116
-0.47785196964716564
-0.8676063027841325
-0.8328751211272525
-0.34240611405868576
-0.2955714239930423
-0.4650496912634807
-0.7341409036362332
-1.0829456637802863
-0.6861517559128589
-1.8805844981904254
-2.592929555546193
-1.6486445588493766
-0.10737482447921588
0.34287710887255957
0.3592891294371651
0.437835276291085
0.5223668261865271
0.6929226084208506
0.6606536316927216
-0.07137222752037789
-1.3502779872792166
-0.17248004842218884
0.46410002757532504
0.3327015721920225
0.18799395133680108
-0.8232131366500932
-0.36411613435942897
-0.26089187091002725
0.1976639630111664
0.5181558508718944
0.21072712037173738
0.5675299124317452
0.3962608722102054
0.2569471651373454
-0.32181111295375503
-0.6021004704614066
-0.6495528093497585
-0.7081738414880097
-0.4163878983934149
-0.05693097961294902
0.31560961011795113
0.08721587016097307
0.4607512458366573
0.6605250005147056
0.9640728732234061
0.7864024954955693
0.989167422713306
0.9398008620950591
-0.43613274722770995
0.5413266249656641
0.5789587532776257
0.5045946379248194
0.18574560852395655
0.09028154883934128
0.203674848314918
0.07371618572826578
-0.25854363842590544
-0.45964306059863214
-0.18393679727882883
-2.732578326076171
-2.0334505950795143
-0.41437798215971006
-0.36161526029735463
0.07926933076395996
0.33081277246841295
0.39898791117494464
-0.9934433784510222
-2.790937020248068
-1.2463202973622953
-1.727527396742911
-1.8862192399578213
-0.7616094776625955
0.15153871904027463
0.4206425444633246
0.2684526763286242
0.16677619802880994
-0.6644947324905714
-0.11134629517257233
0.19157309983258122
0.18032574188046063
0.08541669704947874
0.5014624508618586
0.6200332729041442
0.28476553239516106
-0.3088051110902748
-0.06165119768969979
-1.1197149530085169
-0.01871305025939911
0.2518061969836976
-0.1364971930039184
-0.6416533298106029
0.21528609755993286
0.3825550246026967
0.14887487664968427
-0.7300364609347296
-1.2053913774012195
0.46874654192408005
0.625513536250575
-0.4061524714392129
-0.7366669699049075
0.10046011109206443
0.364610651422635
0.5139413477964418
0.3518874904153931
-0.5952365062761684
-0.4290647411652524
-0.04170401021262575
-0.23473520493794686
-1.6852672386306828
-0.3664296618598381
-0.41350809398807736
0.14401096619278186
-0.1562574499661619
-0.8274623599344686
-1.3609371360697715
-0.4635658740374557
0.3980839737310363
0.39717244838765664
0.3904878620375265
0.7214772580354458
1.0205200354525918
-0.3378506929791459
0.23294953700064536
-0.4809745622143213
0.05802106353153247
-0.536675565539027
0.6288335291802178
0.3135644256724473
-0.6512293407182184
-0.0053161653824028605
0.14009978992608496
0.07571075956384303
0.37691108658601413
-0.3111779762778814
0.7687507375136033
0.961618671828796
-0.0467124620572654
-0.5649444564246657
-0.8571251475626616
-1.1460923760164252
-0.8917534590976552
-0.708640658437236
-0.15166156043226398
0.005576710610739652
0.20778950476230415
0.2572981174879117
0.08768230666933399
-0.3997230714848958
0.329962380163828
0.24658450842270707
-0.13139968280640207
0.29946890245264673
0.07406235608018977
0.523396092455245
0.15409826236479257
0.616829060204265
-0.35697751187826043
-0.5627770252860929
0.11579789405594595
0.09512687721606171
0.17766329491962185
-0.36948287757545295
-0.6530213758548469
-0.09573144322416942
0.25414240256229675
0.44237260283837077
0.6635164161194851
0.5742153351322941
0.352012278683863
0.6876100724467642
0.7807993395180215
0.923040759559209
0.6307284990455797
0.5924736735414735
-0.782539180361955
0.03614816249036669
-0.8097926657892065
-0.07157432753245921
0.2583066073917988
0.4621960897254533
-0.37302706523846624
-0.8746612554206703
-1.6743430553078544
-0.6968264219219908
-0.020321493863451646
-0.012413166991191903
0.10388481390950065
0.21748061152269735
-0.25806951933476285
-0.19387976691428346
-0.02365400749895384
0.15134864652969984
-0.12754963676530426
0.4403800516927107
0.2649449878897166
0.9992861388397609
1.0364874908994504
0.9037908068880487
0.9511150054724282
-0.19076198080795212
-0.3476277080141204
-0.3116027827732545
-0.16962276981636124
-0.2826680113174049
0.4382929368471545
0.5897722319381371
0.9194379188779398
1.0935635983964465
0.9923201557427785
0.8866022217849931
0.39200473688514503
0.8035610935097484
0.7093740853149348
0.5956831162867424
0.1662404849970623
0.37034517175595943
0.1665934968955545
0.14218625440940175
0.37161082028176423
-0.5344618054858798
-0.1649581792021514
0.1716465933542891
-0.4269418617793264
-0.5389563966736179
-0.6239829996485422
-0.28348430992231605
-0.8443609778927834
-0.31521482877779355
-0.20057920574580212
0.05369579778948215
-0.041419422709312044
-0.292834575280476
-0.20306429389268277
0.041916257852371165
-0.6002127430605095
-1.4255475021687478
-1.6370194591845029
-1.2064689676919849
-0.8418982765233907
-0.481312530557182
-0.4416708885025476
-0.6310155869871021
-0.8739378101003363
-0.7732488700143416
-0.5463410905179338
-0.13282082752914134
0.031938118935980725
0.20778930201812446
-0.05466436814251455
0.07083705912649983
-0.0966152873694232
-0.5099685789656758
-0.3138790380068715
-0.716772935987454
0.3024537548510213
0.4053853544481165
0.4124199930966499
0.5513547150512894
0.4619120060116191
0.1915889331627354
0.41553988220144283
0.46446445233919914
0.5503034636500694
0.7310472435028659
0.45337152538991915
0.4939454280654667
0.4314809385377236
0.23691135468092828
-0.27739961538499236
-0.46904641144867937
-0.04648093821924115
-0.5234115946632907
-0.2706091911973188
-0.3016011306852455
-1.8271804128471452
-1.6344241072324563
-2.3043008331380697
-2.5805025048888504
-2.477763322010215
-2.720249222627777
-2.1913895369030585
-0.44503542204188573
0.08670191470415822
0.24361082939963583
0.3702118965949686
0.3559337241592336
0.2844085462665639
0.5397244190690551
0.6167774575314731
0.38964693641213494
0.23283092817883638
0.23125952853871057
0.045743805334717176
0.332292353921967
-0.21944743184663904
-0.1810705607889777
0.32516907318331895
0.3779785891272051
0.11890298906396496
-0.7078013157013168
-0.28427000745369685
0.03359980273876248
0.37162618870384895
0.4730682685780368
0.5923752428321258
0.7219268168156197
0.563194317561232
0.5633044241008875
0.553965123796206
0.5539317665088304
0.21390787079625356
0.42815664924772895
0.5913212614905166
-0.11105996269817885
0.2616254371601859
0.09751633473254946
0.28419446020868916
-0.427536340383885
0.1960418349411475
0.04517345864142031
-0.5022563798170268
-0.20061078910154218
-1.1475648930440407
-1.601214840292162
-1.246028199147595
-1.7879250889906135
-1.3760223776043274
-1.2910978932674637
-2.3813222770452946
-2.3865204237151825
-2.411965162839507
-2.7479191830880008
-1.464283036436048
-0.2013618255215356
0.42457143909116934
-1.272622783168717
-0.30127530180257206
-1.499743998269501
-1.7010101428577162
-0.18555380017808248
-1.6177022108661097
-0.9014062173549529
-0.09907514050646615
0.5394453562382944
0.2794108407395593
-0.11711718085209963
0.0019062298795139987
-0.8353927799033727
-0.8574298506229918
-0.6530114679010479
-0.3788894836424506
-0.6956821629288235
-0.11603760704909535
0.16524265229537555
0.3039944058804703
0.2337723462223384
0.43634098695934026
0.5946541516000015
0.6620495246387492
0.29479501094354565
0.2724777426808812
0.04805027422586762
0.07199480987795392
0.4464815574515366
0.19887553833147326
-1.685564222031179
-1.8712059943267418
-0.8683410611898725
0.11067636201059688
-0.1915877052147379
-0.14594563915304143
0.46330429028187303
0.5024897964892683
0.5627756040936336
0.7215593172850829
0.5687164196265193
-0.513048297455633
-1.3914689533568645
-0.28235011932741844
0.2770685007681484
-0.7578172415475826
-0.7804101458558972
-1.125766779291053
-1.9095825836142688
-1.9593958966769862
-0.9693130515247002
-1.1844151644232122
-1.060646655842364
-0.7797472670754453
-0.33076382620153955
-0.010782071208928875
0.40333388215583094
-0.18505557958628258
-0.41867375872197804
-0.9812388545285293
-0.5803443718043084
-0.9738051826039755
0.17412037856391271
0.01921405099271689
-0.560523151477742
0.2633406320359956
-0.9680805503970922
-0.03261286880193469
0.6541855867689095
-0.8626224606635828
-0.898943638208648
-0.4488273372813698
0.039133998197596595
-0.455787773836252
-1.4980238864625495
-0.8659235725780849
-0.3710492354878869
-0.6113284217561519
-0.5972974032216523
-0.43835314405109094
-1.4682683148676607
-1.9144384153404679
-2.5077096611901086
-0.4700712528635392
0.17977376455391605
0.47482475271333957
0.7379838044272127
0.2419290898969627
-1.0930507289860925
-2.244487635691921
-2.023137184608386
-2.765154826811791
-1.6184157467027247
-1.223541014432346
-0.8816440213566163
-1.2222674926880719
-0.9305503776173132
-1.5859934569091252
-0.9116390014665658
-1.7333518040856812
-1.501735246065511
-0.02213613476677624
0.4972840716113548
0.1808626342792187
0.09394746013281607
0.6220767731378596
-0.29273824643462326
0.14288180068113526
0.159372969192796
-0.30131893860727993
-0.7661632860174057
-1.082602800039737
-2.425410665748363
-1.9585744677459418
-2.205187041469846
-2.4837544769356223
-1.9311692335642332
-1.0077607147660437
-0.7807438987092574
-0.41925977208616305
-0.7511280489059282
-0.4573829019482295
0.19742198845019343
0.19133804039326419
-0.7410805727695995
-0.7678176467393465
-1.2649145383333973
-1.7488592270204146
-0.5081572026726247
-0.8346239121385668
-1.541764406353475
-0.9729710901974444
-1.6300515066037036
-2.0279474597822102
-1.9454808055748953
-1.4248190023355387
-0.8672638532359516
-1.3818126421768726
-1.8603459437930583
-1.9568248606105532
-0.6737572782633228
-0.25060042388750353
-0.2653601555153706
-0.788308767699353
-1.5296064621777956
-0.12201428301231337
-0.178327853503401
-0.13800222239047016
-0.0691854199607296
0.05349941902239082
0.4687265313071436
0.8084603678432336
0.2968119644186303
0.7871979336723252
1.1930115424474084
1.0829623698430273
1.4097479585356483
1.6630300447861273
1.6479913097665928
1.2239912398675998
1.3182173924165257
0.14502843482788733
0.7842725865434879
-0.020557035919398524
0.7109439653159135
0.23092958071563618
0.5040870301734801
0.7547837420908159
1.270867977632575
0.9936759048366077
0.5880028114118558
0.4514803083411965
-0.5575388315638197
-0.04758210308628535
0.7929081497343407
0.24268944023164102
0.5435085062177918
0.31839487122828486
0.5688788973865695
0.9274731286767266
0.9845565583008566
0.8964969686387212
0.9551007294264542
0.8965999979102666
1.036676828110943
0.6770001174762228
1.0039957247499471
1.0656459251223016
0.8587875519764405
-0.5589426802843753
-1.2798581369028346
-1.739898941670895
-0.46638707907340143
-0.7043445710170393
-0.13763376897211693
0.5739632891474304
0.8057554107272882
0.4093518547558926
0.7862820964749506
0.41755078433272824
1.1758899950373232
1.0818275655665208
0.7828642245098245
1.1566905120799127
0.938818668920564
1.0470927376521406
1.0221960140235844
1.1585370128247099
0.9921917441934589
0.8040076655301276
0.8881658711629372
-0.4851101594611275
0.42173991581112863
0.8022371453770294
0.9748147721463123
0.5692150871923811
0.6503941938183706
0.5941612560050578
0.7287474625978043
0.7642547182051154
0.9069179942501333
0.7564386249525299
1.1511418999985468
1.1784458217554417
-0.10817207000060085
0.8216129696432168
-0.9230719105321037
-0.12242786032340486
0.5981443399206281
1.063319017815682
0.9396997677309749
1.2584182535315247
1.2636493367178914
0.5235857546291078
0.8445016724208683
1.4002067625271388
1.419544799047295
1.011818299649535
0.07856097590989225
-0.5135580602442595
-1.8033293668923462
-2.0762444280516643
-0.20475015249689332
0.9600745743362207
0.927117530407674
-0.7359419101680005
-2.375475316537716
-1.7935702418932087
-0.6921260807872922
-0.655114150525512
-0.8325170133399062
-0.5391495242686999
-0.6930069328168627
-0.25005654386989573
0.5059129138991145
0.26127014115920716
0.6237975719615945
0.6540293429262491
0.6405219740305204
0.8779280148199164
0.5759302048638935
0.9340635135635136
1.091327669107937
1.0070315639907395
0.9446043756124343
1.3423950663902293
1.4109339165757164
1.2488524615032126
0.00619405726109197
0.12402671869682672
0.18364913723105447
-1.2802481991712493
-2.1112213123423254
-2.7423424319211924
-3.1491285646852205
-1.0048558579035445
0.3143989309171881
0.6844172888117621
0.8032115524063383
0.9339507202301043
1.03422133151275
0.8580345630063055
0.8333437004342918
0.650222961331324
1.0931379006504722
0.9742970189561964
0.24360630418324836
-0.08613320893147342
-1.3366414947414633
-1.9583942527165625
-2.2211790129199436
-2.00968472890314
-1.5623910559799041
-1.2295029540129596
-0.9580021725179402
-2.03295335087193
-1.0400689724391536
0.10040033156941285
0.20050925620686677
0.7221302145058663
0.30050090427616355
0.01382111087966562
0.11283317357125129
-0.15970001800714506
-0.29113138525921217
0.12995690095381207
0.39537323521514806
0.46023472464625736
0.48871825570716354
0.1252242888872052
-0.8062861077807744
0.5957066202297798
0.7853044321284688
1.1245176342950058
1.2922065702049932
1.3944381274112223
1.449381210195902
1.5220062634271005
1.5477181984050357
1.5633043599519492
1.5235045929583308
1.5768490273593512
1.4879480360930522
1.7164111941120244
1.5084083214549568
1.6452451920667008
1.6963047466521546
1.8621202023434957
1.5660485228190857
1.817894186852545
1.8597790631227167
1.8405078051846064
1.5006952235070854
1.6608694628956633
1.5495850364054438
1.2544457657125043
1.5365639209407729
1.4466483913111736
1.6157737555685554
1.6715133585001767
1.78924063433981
1.6186774178008534
1.8788724100972536
1.4554384979729929
0.879948471969128
-0.19634582466326128
-2.1161583240515722
-2.517127354884092
-2.205468085386053
-2.9398331162641584
0.3520745789459526
0.9343299174018491
0.6418242619685364
0.4308526760839432
0.6000829273739408
0.6667316148077151
0.4095631787585131
0.7298938467022904
-0.11347818597307807
0.219169980490804
-0.17861689190828012
0.08673138450748924
0.39335400951708754
-0.43334869595977127
-0.718889380694375
0.09352125782516843
0.904433495707645
0.941685072785224
0.26376045854010455
0.5411889304480939
0.5213715766297875
1.0047806475823609
0.9040333075725053
1.1151768777960112
1.2345408900640809
0.5094139852264388
1.216795095707656
1.5414719022903034
1.4119337011221447
1.1744663748230113
0.9337202402087956
0.9853054214422641
1.1165309621595494
1.0600651440748061
0.9838294048399012
1.1433515807276862
1.0350379067141287
1.1774647989059037
1.3344126402231253
1.2244724306176284
0.3742047392448426
0.776036288816516
1.0745136896139922
-1.9697683374567119
-1.8628179812902328
-1.4925007217576942
-0.47229299653914664
-1.2438079047923927
-0.0018118186669449053
0.18646025751428705
0.059895522964782885
0.8869537156319944
0.6991085077515522
0.9696408944595241
1.3058526289393442
1.353325326471371
0.8106835196772129
0.5354393257764114
0.5425954179540491
-1.1615460834127427
-1.9957888577778908
-2.4741757868890177
-2.039462934053683
0.052706112778447785
-1.9688889440272888
-1.939944398140712
-0.4497042368349557
-0.5766006160695167
-1.548356717106419
-2.945189466543685
-2.0362220918503
-1.1075104405391307
-0.8048614061369246
-0.17744998951066637
0.03289643796339856
-0.39682683232114196
-0.7500785560559957
-0.879027786052579
0.011783416147563668
0.5719599049203861
0.8337441279115334
0.9902196868485635
0.9230875682386628
0.9879110612042894
0.9334626761893847
0.9989606258674624
0.33994929324185974
0.5618676805994034
-0.334703730564846
0.4045984597306835
0.5175107814800901
0.325377666268266
0.6729378185457973
0.9861528363187064
0.9957305157048397
0.37544866739334803
0.8595504547961739
0.8388828581416097
0.8014103257511951
0.15814443452151555
0.2788787163407846
0.2025067000327874
0.19645628579021135
0.22947787193462507
-1.4856845102747054
-0.9815170803765576
-1.8404033947793013
-2.4121451823847164
-1.2274384777801084
-0.7416795735245214
-0.6821934528804596
-2.476401362176801
-0.6599400351128364
-1.2368487660998486
-2.5273359647541227
-0.46064384379797957
-0.23079298097036888
-0.5251910529420407
-0.5010230759366396
-1.2788191290184086
-1.0989823291853578
-0.0020322542906567043
-1.2323864155639468
-1.5554240268710535
-2.3540697776138315
-1.8267444414095177
-1.9488111384834022
-0.5867574588814264
-2.7266029202284243
-0.9411477604530958
-2.1165215230613783
-1.9929262028305366
-0.1677232517044409
0.8147797073599261
0.8811362504244613
1.0533003509710774
0.8952368485199644
0.9017196041972244
-0.3533971125312662
-1.2738887782091537
-0.5905151183215749
0.43691130923329097
0.7028494946542234
0.5541689322621457
-1.4470480839818898
-0.44464965239721804
0.5676364012552078
0.6799194330148359
1.048634379642271
0.9140171573332145
1.0533967851993957
1.0500334585353202
0.9552305802232883
0.9795408945137662
0.9283921752553794
0.9050223672224427
0.9426301917930446
0.8642746476525636
-0.8181382630363057
-0.2327209146322224
0.4897332847975562
0.8666011264325557
0.241588415078416
-0.7684575804516682
-3.0341815111942405
-1.043761375129818
0.28194108997583733
-0.7873851153956284
0.5569509406391708
0.8265552467073418
0.5789712878922189
-0.027275229271084812
-0.15242109034395357
-0.2772835730131488
-1.0038035125872729
0.08840705171721618
0.6904036766233013
0.725524783568523
0.7460014077837804
0.9714951486448482
0.9599458590161931
1.113643185580291
0.6370613300937544
-0.6091219033817359
0.22890778762046554
-1.3639266762997486
-2.1022918720602832
-2.2713006911535305
-0.16948220208432258
-1.8673853629296053
0.2073252312027946
0.6892741588283267
0.9144191635429548
0.8910573704079086
0.5819581979452759
0.778200753114741
-0.34696587943066987
0.6743463502844422
0.7532269157450711
0.32430948754647665
-1.3573532675427797
-0.279532282579211
0.3716561036960608
0.0825056069563232
-2.4410046840836555
-0.7307042815560874
-1.7075485914356392
-0.5083006749783994
0.6213552341388833
1.193082951583737
0.9639585485274187
0.8060569302075806
-1.3768416794402467
-0.5098554178712369
0.4945860460821293
0.13727097324816187
-2.283031030175786
-0.10029764669719018
-0.2862876950762345
-1.1476316504744297
0.21793570944169038
0.20019625014360548
-2.10065019173742
-2.2162063468228808
-2.8694689673399876
-2.2053502737672313
-1.1001069197519413
-1.0966802466486103
-0.6956537170372599
-0.735464292352729
-0.8648003429914277
-0.9245524568966836
-0.7443747506972624
-0.23988616514348995
-0.7065144878722849
0.2378829757371498
0.06625907317735967
0.5860217913695234
0.47403753122102404
0.10496390754322438
-0.42803547839285844
-0.03819039173239645
-0.6121322643527634
-1.6403078788999912
-0.3178615857890927
-0.6197128336877697
-0.7555052706178647
-0.19299332371336964
-0.9831498215697054
-0.5549754230693564
0.02632879978846607
0.6661863995678488
0.8501062777030608
0.9077169344004672
0.6863154130627795
0.8128841529385162
0.21280571688140848
-0.17706969802298927
-0.19605059838985933
-0.4442745397907227
-0.44267513045502865
-0.004096818803304001
0.18448681881922477
0.019108568618638265
-0.3974609891899234
-0.26658959925512665
-2.0355725364094797
-2.9437472671256875
-2.8526979317869574
-2.872875886786025
-2.665910433969168
