0.39361874779364464
0.21905603388148442
0.011181103496788733
0.11300660762325068
0.2921031703844948
0.24100954471711494
-0.02309459416287888
0.082180471436458
-0.054427233606102916
0.268139987483927
-0.6306086383108198
-0.6553238561192178
-0.40441440540292706
0.0747936355416039
-0.14017822735328206
0.04502554482242428
0.2688877205892973
0.41463091323396895
0.2827677769372808
0.5826173190721503
0.5535860084371065
0.5417275512781861
0.6484588420106435
0.8205160673528672
0.85136673670765
0.8208188754504255
0.8726075169645042
0.6680745476068316
0.482144176925393
0.32338265317929415
0.29213673040985644
0.5546777274120942
0.5102674540343719
0.52764398111438
0.5403553000611756
0.32589463040126576
0.5928903762782123
0.3415022689811261
0.3648853144234566
0.5462506971646918
0.5579902343827691
0.9027107776079092
0.6394759737786369
0.3108039332000446
0.2909108646089764
-0.01688001728036935
0.30982909030108596
0.44168387142799886
0.4777908963804848
0.425447469118929
0.006434059641356099
0.011801470069213726
-0.08082714899657073
0.3116530154990773
0.0019347738260570221
0.17878250364486709
0.20506502973971782
0.12917550591369853
0.5460226050038763
0.7459600446070087
0.6400561282139304
0.020416822005915755
-0.03610583509989014
0.12043043484705819
0.15546700469203173
-0.11524687588198072
-0.1387912271246997
-0.457513027941889
-0.5596476816318325
-0.4938809855044848
-0.31978562193020493
-0.4385517070374074
-0.13974369224424463
-0.08737853994292719
0.3307595720571839
-0.3203408800978449
0.045459803692128944
0.5255999787191332
0.6915759022738721
0.5289794315366441
0.5905843688609473
0.7534803377479555
0.772930299644681
0.3546591574415173
0.7568104912081013
0.9520643321664686
1.1167171183007483
1.0311420395978783
0.9512547520141952
1.0966304368420223
1.1340923299098393
0.9210814210134215
0.8478878767869533
0.884709830528337
0.16859093317524923
0.21713784866115302
0.5106891627494373
0.64400041125715
0.6010050978324134
0.6020001731442792
0.8501147671445459
0.6851806705257625
0.8018433170877554
0.6948517665718816
0.7473677241718941
0.9482069450276043
1.1708249041376853
1.1427870863123237
1.0413691522919684
1.0188813836695985
0.8610833094255146
0.8402127623356432
1.0733161362033923
-0.22389362315876524
-0.5225682482501857
-0.5759798124983986
-0.4551284620455971
-0.2977353306953438
-0.13934538240543848
0.04026057387436928
0.2405808996583923
-0.08868524351228346
-0.2809970948996323
0.19185364530674148
0.09089043804238475
0.22083190858128707
0.4514641943447977
0.6584391102260674
0.8057756869069321
0.5531303001774988
1.0774836245715163
1.2012782338291947
1.2965294204777187
1.223670606149036
1.1670854490889675
1.2132389365106557
1.0888951282022563
0.6378754068841246
1.1083106423652547
0.8482825873493942
1.031225221962374
-0.910115361396983
-1.4093254433068274
0.41257855388286985
0.785228003272537
-1.309405255222949
0.6872542006740354
0.32561652434974764
0.740934674950795
-2.1321364569683663
-2.573770181039897
-1.4940129896938745
-0.8611639025335177
-2.122799056090059
-2.1235159291068184
-2.6924620461215882
-2.052548604322669
-1.8876927441471287
-1.7109509612575264
-2.4664632244872804
-3.0508278001449667
-1.859223540477723
-0.4539821202528855
0.05454221663932124
-0.019658054930391907
0.19640815604231532
0.6515709486347858
0.5337765454168499
0.8865097061844405
0.8742443867647898
1.0228730672745914
1.0230488723039919
0.47573469638350735
1.0980066554538404
1.161966284556771
0.9574820076019631
1.1494485974538637
1.2970872039605164
0.8210182050420303
1.0777518795185057
0.7939753537889269
1.03932032930976
1.1576949304073376
0.1228414637765622
0.7113835659108034
0.9679913576387116
0.9872643679182168
0.27071339707024805
0.6091046443945538
0.6804799045429237
0.6871574812631978
0.9670069600507368
0.8931239010323275
0.5445786421513614
0.6765956032449723
0.2601384669677711
0.018571598888529967
0.2819603859989985
-0.9509602103248694
0.16726548365896693
-0.18953205075105384
0.1414456153870714
0.20916915277734377
-0.2695063505093035
-0.547854574563928
-0.043675736513320754
-0.3822626077459559
-0.173710601127402
-0.6106105963580513
-1.162465002012427
-2.7124848861031197
-1.241650437878411
-0.293873442366476
0.269571221877806
-0.18606386404120878
0.2290738470868364
0.40179303968443547
0.40461781376016465
0.47456088396618434
0.5275753210815852
0.6239003437208427
0.8309175728210622
-0.21312149254491894
-2.3388731526499202
-0.7567879658032826
0.6744763812781602
0.43778851828785
0.9645082436851691
0.4875007339002881
0.04188931584443182
0.028165034909491002
-0.7649797984125493
-1.8902558666561484
-1.7699937256919334
-0.9208491332825843
-0.4434088523065171
-0.7603532093357834
-0.019013217644964137
-0.05870618080269098
0.08133691378224264
0.36440625557162043
0.5456371070166184
-0.7565853861357592
-2.132653544011677
-2.4398659274391346
-1.1132919726169361
-0.9609272296588331
-0.45529894560997985
-0.5651302147140268
-0.15081801331335265
0.39447979776023184
0.5984152976029065
0.042227278971085955
0.11403924717198619
-0.9699350703681304
-0.17261406515815136
0.30726334527366744
0.43972566708860106
-0.520899454768375
0.12562903347978316
0.19779771971507112
0.30279727575694615
0.644590953823223
0.08440192581896541
-0.33086845783528407
0.7638376762702986
1.0516714121286066
0.5539629593474007
0.41726285487031023
-0.2067135049275976
0.4052218691370162
-0.05172233068108249
0.15230384275487793
-0.019737850889749206
-0.03165075294087563
-0.5246874602027609
-0.0373407927059677
-0.6154701726934226
-0.768904346325933
-1.010775907031964
-0.4678196811625725
-0.8851942947241416
-0.8030151826637383
-1.007246407536571
-0.6178324465272362
-1.1023647082176424
-0.4042305070910802
-0.1333897817869465
-0.04470659494994341
-1.2863483978546628
-0.505344216633965
-0.6745431997162485
0.1552096877314309
0.5163894924320507
0.17061755433861422
0.351193460407807
0.37932507455188735
0.7532994539696272
0.8325996609329152
0.8846602813328308
0.5153641121749318
0.6541306675987298
0.1443256957926667
-0.8334613723670095
-1.3795651512242253
-2.3190323932900254
-1.070576546090839
-2.5002882055247158
-0.2988186928118044
-2.5139543154825503
-1.678581375122166
-0.23671252993647732
-0.575638212428581
-0.04423453524337209
0.19192840857858037
0.28018782716521884
0.485984032631317
0.6327553252421967
0.6217541676687258
0.3062063664117516
0.36180917429095205
0.4751754425922028
0.7301485610075573
0.9271914466977267
1.098051788202403
0.39956415399901823
-2.4618906766549498
-0.39679476738267816
0.19316504902011072
-2.766912574745864
-0.03253102480613361
0.3633820074263063
0.18322752780966528
0.1032219782911405
-0.193905473843276
-0.18736907910412598
0.06411603428251421
0.37875848001052786
0.5248114625519515
0.41781459184513403
0.2553235901164027
0.1532552627410605
0.5875549005251197
0.8923425009912244
0.629285045191535
0.7501341317488334
0.8840290062493716
0.4774242229399494
0.5537374514825892
0.3296267211148445
0.42225844400812523
0.11163138938709063
0.2782386908656743
0.5712944967375693
-0.7647514913024308
-0.5234586901230152
0.1943025306058688
-0.6409586578310581
-0.09399783597981434
1.107940619320129
1.0055533621807098
-0.38547349620250265
0.2458058813216
0.722419471419886
0.3065101081548025
0.839300544690089
0.6879983115559439
0.4960302479463534
0.12884844919953
0.7587339134458325
1.5902323809355092
0.262285406331043
0.3488092255002308
0.8105261272811958
0.7848421499506941
1.0235551667396579
0.8572972003879551
1.115976087482054
0.9049012887219732
0.2689802284546656
-0.20216659562911626
0.34879175090395154
0.5729017047665457
0.7820055774085918
0.7811121114031186
0.2654405160190022
0.6469553108721671
1.0114448847598365
0.6325023678999635
0.8222389531476062
0.8589396740684638
0.4967974914398231
0.5725976082553426
0.5020299308898802
0.7401876104698848
-0.21425328595602605
0.3794802344579028
0.7537013520196144
0.8938239058374896
0.5660739426751288
0.0729926041681005
-0.64830309505098
-0.21075486548669753
0.28908717959334174
0.6772532628795107
-0.24574998111612018
0.08624341659989504
0.08872647052759403
-0.17838547736475244
-1.65978342385066
-1.4637425227184824
-0.5394038797101645
-0.006628710044767505
0.2806227674430877
-0.12377478334276845
-0.5679003502192589
-0.2485760075018829
-0.11099670911700159
-0.17630429938703293
-1.7211240934769383
-0.31558961317437284
0.2326247599681821
0.005720754537523753
-1.3323453596041022
-1.1634051714498326
-1.2820938517001044
-0.9889711268070007
-0.6230833678724227
-0.9844139925750812
-1.7092598534468433
-2.0923160585098737
-2.405462023824144
-1.7997216029916179
-0.7978128330344585
-0.3881261167641388
-0.12291103207571716
-0.27453987360694243
-0.2508014385913042
-1.0686133189452567
-0.5602673658778308
-0.06894075665718816
-0.8303814921474492
-0.7577246704672396
-0.15030435594520386
-0.020667184553293583
0.5842444353379987
0.26859685559066265
-0.5946685195813516
0.06476343171796797
0.37096913952212063
0.6932567439240547
0.7575791075364792
0.7749430460104728
0.7730487844349381
0.7052275237188436
0.8992705323395555
0.573694809936088
0.8933352857856256
0.6734747755711192
0.33282136581941857
-1.1781342953125729
-1.7317856127844558
-1.3341355679814335
-1.232207716879198
-1.6014677096980683
-0.9376581729010741
-0.04072878206936989
-0.7933942748068652
-0.5467595298590161
-0.5556748366320908
-0.48623194000212244
-2.2939893082220078
-1.2623235218658226
-0.581000027467981
-0.05050389200257013
-0.266261010093937
-1.403484912578322
-1.3625882148443014
-1.346835692003675
-2.3802237145626
-2.376562148243347
-1.5406996193265887
-2.57590589381273
-2.440833211223051
-1.1676626579455942
0.39813751346962356
0.4749315951737375
0.2096117507608248
-0.12151357925120476
0.44349082658576555
0.055231221711344196
0.2017669697554576
0.7588007067779359
0.6122208295124422
0.569685397917362
0.7560367948643627
0.5493673238265172
0.6838363210546639
0.5425646795481732
0.5529301439406505
0.6400805428145584
0.3913271355213023
-1.754817094450062
-0.9927839543908553
-0.3918301217294087
0.008989525270369975
-0.006972017310574528
-1.1065852777337448
-0.6886470245741569
0.46552373199300084
-0.16569250090080195
0.6751004119395592
0.8291753463467939
-0.3410261853475911
0.7931369777487491
0.9137096064492531
1.0439955752737744
1.2111591179109822
1.1647673290951401
1.0501174547550414
0.8997420951604813
0.9661818879550028
0.5571610253738737
-0.3045856723363106
-1.9448192900213923
-0.9458502106329082
0.3740670056328412
0.7120834598462125
-1.5954602838511205
-0.922874537694181
-0.4004838593219423
0.15908816934844858
0.5386443733425379
0.4470858047090161
-1.489460887716786
-2.507016911780957
-0.4942657811304426
-1.7546730598019136
-0.943198211411441
-1.9060169361198076
-2.742708072177858
-0.9032101372327576
-0.3480010961321528
-0.8346713575376369
-0.09564283874171037
0.4671120079994738
0.4865640728856041
0.001588637519994742
0.4157163405606574
0.6367416803381816
-1.2679318634096433
-0.3309882532469073
0.01768530184324675
-0.26775353328581464
-0.7296408157212428
-2.3518271283851258
-2.7261606357883514
-1.8643910593947834
-1.213126438575181
-0.4627697289987978
-0.23276625725314307
-0.3899596114623982
-2.3049680200683405
-1.3709455120335465
-0.32758274670001064
-0.06647344329172492
0.2977086588243489
0.37713252431190447
-0.02804601748596701
-0.8961847458436707
-0.9157529315612254
0.3977836247975681
0.570733512868602
0.32622872170324346
0.529533393765026
0.07308208222537083
0.24513365041201185
0.17636796433137655
-0.023458106470068726
-0.05338095595362971
-0.527705709244567
-1.731909006938847
-2.300387896091944
-2.754441990126934
-2.306366216591476
-1.2934926571702532
-0.909169358052149
-2.062061428860048
-2.220293497791212
-1.2885387764148604
-2.009501321420771
-2.5786052399453476
-2.035544719243568
-2.36161378237344
-1.9647743793163666
0.20487887958858367
-0.4641697615866759
-0.3972779539473331
-0.2054933824281648
-0.8276128448928517
0.4262582418975884
-0.03840867346392514
0.48437936422881317
1.0085687752309456
1.037509090274391
0.33411732487806955
-0.13274592722921844
-0.900266410489055
-0.19544468148378688
0.1966893972624451
0.3700632005174447
0.16447386092585228
-0.49280826822643387
-1.394763497654388
-2.068042526501418
-0.7919398407219213
-0.7815043917233195
-0.8266166321616419
-0.7303986656672914
-1.6774575258849236
-2.763521794423071
-3.0232278146874663
-1.2829357116407132
-0.7246358948284362
-0.6511191719452034
-1.8383725043965746
-1.33756574345747
-2.090244585888507
-1.8099156475218217
-2.133550916411759
-1.0276749221033985
-1.2292391334139396
-1.6022336003596638
-1.6596256196564356
-2.0569537749535316
-0.5825443395725259
0.05977194138677553
0.5503321910797939
0.5588052828690676
0.40280285773411606
0.47931331283390044
0.51610350519553
0.3689871744739971
0.5143672384999343
-0.7351559097117686
-2.8589555634079087
-1.4119297536830924
-0.3626615187068465
-0.8504496995343928
-0.68043364752261
-0.8056595089500821
-0.06140300200363141
-0.8627593000049559
-0.8850100119951914
-1.1615944915388297
-2.1065736482931072
-2.775279706138509
-2.699082748947938
-2.045915172399781
-0.7992241521110229
-0.48576796012612594
0.2159666590987833
0.055819412056692407
0.20016614910224473
0.428283879653105
-0.3114031760856124
0.21408133708286545
-0.042214326014722414
0.5179619222397172
0.28130112572582094
0.7844372265418742
0.15262239022962762
0.654726109115323
0.6755883293942719
0.09254070570989252
0.41015487646905413
0.5474400092191749
0.6423738322107506
-0.4952065163633337
0.08709772042348998
0.36555448305821225
0.4633253820953541
0.6063063162707054
0.6264402156688325
0.3244385255755472
-0.08540611613381122
-0.4621244057840396
-0.3517184279714013
-0.19839557683684744
-0.18495488462156132
0.3672714413087959
0.39378261381364554
-0.21362696520382984
-0.47101936850449827
-2.0344544947253125
0.07493959997305594
-0.14626753550603275
0.29051681424597525
0.23985147490376524
0.15272054849005195
-0.6138561752723667
-0.8245127040397388
-0.845854631449798
-0.09392368789509009
-0.21039181614028749
-0.07291405965501355
0.16413809334434712
0.5134160716694676
0.44018306572855814
0.41322484033967
0.4491193438363439
0.1934306524810671
0.2787166809127623
0.05556660199369556
0.3063609768655639
0.34714740084780604
0.5558363912519193
0.20992472000632179
-0.16341890134315673
0.24042654781148803
0.3854105787728146
0.31971924962356324
0.23202563068043613
0.06203177854312357
0.45761848299931257
-0.04225031437554336
0.15745790048876496
0.2633126336884609
0.21887667675026104
-0.7579336404008237
-0.4000715986669522
-0.2246371939500553
0.022761902430764806
0.10069455171190284
0.0508002585418979
-0.0024438617480029515
-0.05322659251925397
-0.14140679930700598
-0.4582973746964941
-0.5639213224093458
-0.43101618012365295
-1.098838644982785
-0.16851473597311625
0.5327290466191508
0.38666638308102474
-0.3995387859862952
-0.6852985297732892
-1.1787755751234132
-0.5048315424633482
-0.21217597882100703
0.037495566331584726
-0.08833008357163324
0.13888505788510425
-0.4262948350244377
-2.2428403401764276
-1.7981724874664455
-0.4971990346692645
0.08514812028216819
0.027949545792205044
0.3960036747882396
0.13192444237555198
-0.11449644022550617
-0.08423994142157723
0.13193169767976665
0.23609341742414716
0.18884210577466348
-0.46891085746661065
-1.1782171850699172
-0.28968062768037267
-0.2157900646925739
0.1425021987975487
0.0957886856159541
-0.32226183857587565
-0.029463473364435944
-0.2616324610696982
-1.9314228716168598
-2.542012180087361
-1.5200618024869264
-0.0038981010726389653
0.10579884914658619
-0.2413288404068636
0.2875072794526992
0.5458946229680643
0.6326969036543812
0.17686626854816667
-0.3591683924506157
-0.5907508292114039
-0.2984617379659704
-0.7894968112090543
-2.4519540779250257
-1.4179885155455028
-1.0010790263421336
-1.0921747910203
-2.101381544993103
-2.592401738468059
-2.1060666738071028
-2.4011517690323543
-2.5037254319225735
-1.1840626869018585
-0.04035971746601115
0.30069907884637564
0.3046923752177041
0.43182640212382806
0.2902996496354654
0.2541335334211988
-0.6750429276358576
-0.7500670566368233
-0.05797997109500018
-0.06439717373894191
-0.44063333195604093
-1.7834684995972974
-1.116604855891838
0.012760426588134498
0.3275260173845504
0.6303501154379636
0.6370831766912568
0.37558303824478867
0.6405348240965405
0.8578334027040213
1.0334896695779885
0.840539451726205
0.5527575001020246
0.8744184634162608
0.9474355936135195
0.8668319473769387
0.23130012240090353
0.421694539659204
0.6868445645948136
0.6619916825594473
0.5964598969145605
0.4739521702918767
0.2908699295642593
0.6025888964964676
0.5782748350609359
0.32876767862010114
0.6210473361292543
0.06019757141586814
0.3081492025517457
0.341025414589027
0.07163107127285032
0.38823268734354255
0.6423685623899085
0.6738596024680044
0.1174102692379032
-0.12558057758693297
-0.1431776703517564
-0.7092009855020631
-2.1427986390128178
-2.4473019605640753
-1.1972632412574782
-1.395684540157577
-2.7857556945453554
-2.83305052561871
-0.9552653581312103
0.09389366103579982
-0.21477354516260405
0.07991932734199902
0.2875875838434219
0.34668469020987436
0.2923422451760628
-0.896708737012137
-0.6380233031289257
-0.15081541976885493
-0.029197603879682968
-0.2153092425484673
-0.22229327580873834
-0.6342926626053582
0.01199560880612573
-0.00022481055479558337
-0.740012018239032
-2.201253046000203
-0.9076349269450045
0.27923111678037116
0.04402903210327803
0.29256261026766583
0.4902155040611586
0.8224474615693913
0.306442436106698
-0.959200994636369
-0.49530425601898087
0.002454515447399004
-1.266291522025985
-0.21726766181398594
0.2992142015574837
0.09878509741290382
0.3656014117550994
0.2922140390046988
0.46027231227543525
0.47151583907017836
0.5597891168418997
0.29161597540749384
0.05914959876761962
0.48216729217684073
0.03949790357901091
0.2657668341764824
-0.056403911627356876
0.2844177249659344
0.18992755130306527
-1.5499203816309532
-2.5141749489856355
-2.5369147067022677
-0.8594663503279052
-1.426623871672548
-0.20365409346750277
-0.05849728545778446
0.33887348742560763
0.026594703652736383
0.267802353109579
-0.06652759875001155
0.10150851485637608
0.2198914189082408
0.13655794566279736
-0.7682254428956308
-0.29667431959608254
-0.2667371855317213
-1.0268352041506938
-2.2386548548707124
-0.8672990470249228
-0.03147943979048317
-0.7415889139931929
-0.5078169757062214
-1.8842997834295963
-2.5502382030512876
-1.384981426463391
-0.30458174679573524
-0.2764780701722107
-0.051770724218758266
-0.42219545391931096
-0.5147670834544386
-0.1719874329426213
0.017877079276347907
0.12765706087254663
0.1898568873032618
-1.1268742961755378
-0.4256581235038596
0.22674647879667048
0.14499496336895223
0.32405256208777344
-0.14807563546985622
-0.383529876743727
-0.5148404088373224
-0.6347798050779168
-0.5245154174635391
-0.35575779269148233
-0.20312839866604104
-0.45326384849745655
-0.09466624990639262
-0.042695837653317255
0.43297539556854
0.8476241015628035
0.8212837834900439
0.9082501735782084
0.76511322128217
0.9006294257764638
0.6702178198874332
0.2488088236435613
0.031144057830755113
0.08988551721326027
-0.3655791077637936
0.1521648057248924
0.02937807039271622
0.2917727523688426
0.579650797554524
0.6443161788336464
-1.1386291065252092
-1.7780849932433171
0.02803255115422628
-0.8202607280252757
-1.3256222890608313
-0.4894589292567455
-0.8478824567107682
-0.7433753592460296
-0.2422428148329131
-0.21099090909998147
-0.37877056230782336
-0.5898513822493583
-0.9348621266789799
-0.5311644143078547
-1.8706060885797462
-2.4949450827192208
-1.6558847542248705
-0.01913761752540724
0.35597102391060176
0.3183212117199872
0.4331234285735865
0.5431185564453204
0.7416932348907268
0.6884030636713396
0.05811063793543235
-1.4091604578926478
-0.09605840947126254
0.4957019576538859
0.36432055702383537
0.21960738662023577
-0.6552860948938428
-0.24526518873172154
-0.1876027082407468
0.2720708299772709
0.5666702548378304
0.2777514312479154
0.6349805215464279
0.5152627663772935
0.39185879991812345
-0.2222985713577256
-0.4697130718301449
-0.4177371932920162
-0.5007334604308846
-0.15511090745736675
0.002152620245748242
0.3710245074062284
0.08175637883576788
0.45523776188336523
0.7975820239454245
1.0715874064172506
0.8709864757490895
1.056152077022384
1.0823700081982657
-0.357635507515296
0.6096331321050346
0.7576753047685887
0.6748888859333326
0.4334889148035658
0.2432376923463241
0.40153791591497046
0.1904816813046552
-0.04625003429695705
-0.28658770234027303
0.0225799374030548
-2.659647138959282
-1.7176384193328544
-0.0595044042416704
-0.09635296694197826
0.26942058075361336
0.5074235355679011
0.6637148868496991
-0.6833756226922705
-2.795389419733838
-0.9890232629560924
-1.5694927654852857
-1.7284688321166595
-0.4503249045408417
0.3416511602357022
0.6542039953367536
0.5857780289582563
0.37867762594665144
-0.38971438707343087
0.03838721599537591
0.37890408200632286
0.4246871534800619
0.21482195468096574
0.7196043835438526
0.8206343560936675
0.49160589463650994
-0.16821175253159368
0.20950364202748725
-0.9827092763808192
0.12567800163761816
0.3645073806548287
0.07490599564629885
-0.6571682221042656
0.45703684228321656
0.5870243387113886
0.27835323478146445
-0.5883092041788618
-1.2287308339651486
0.627414443611128
0.9498780630823995
-0.10799291882082239
-0.5459286810777251
0.32196890190815586
0.5488235806234119
0.7097442476036997
0.5908355720045153
-0.32174526053702646
-0.2439268540737498
0.11116712704381734
0.0350485203496607
-1.722702375854781
-0.08082680414913887
-0.22308287326792775
0.33136022554890254
0.08392524005864405
-0.5925160157413006
-1.1144842753250106
-0.16655087040749128
0.6548962021449418
0.7155806924054361
0.6312283315581816
0.9033829915791782
1.1904310451615352
-0.12241229557216204
0.3375087554366473
-0.29400642052902826
0.20761223263399156
-0.4503489398069621
0.9995638045136634
0.5222386423564733
-0.5096406808901559
0.12607009293489263
0.32383513335528297
0.21810888198443656
0.5653031000652984
-0.18944848620935661
0.8694652185292968
1.1774945673240838
0.10073344050380545
-0.5280362675440803
-0.6567910267179267
-0.9672075931183411
-0.6710119376906236
-0.48260977510085507
-0.018798255557780395
0.102461029673423
0.3062193683764225
0.3195471137343334
0.24538427996910991
-0.36836320563664593
0.4347243246234749
0.2928007798592649
-0.04871014217526411
0.43778413128770044
0.1977942449293222
0.7185226821973705
0.24131523419930903
0.8163488279952618
-0.30793097958698246
-0.4843084756791972
0.3022002269401425
0.17885237260384423
0.25978758574719396
-0.24925550686865888
-0.48498200038945094
-0.046307128910011035
0.3239099291521524
0.5254724029754139
0.8152094453352641
0.6668600424669087
0.4373523677407337
0.8470210340335856
0.8968607994718003
1.0653421593422356
0.8469222312341534
0.7955250197236821
-0.6793008049404923
0.12000915557512029
-0.6355922926071342
0.005186682921941356
0.34909291464186665
0.5076642315833357
-0.27418790086625594
-0.7957514165527761
-1.513494090903484
-0.5611873383402117
0.13638772689667825
0.06917828933215113
0.19327894323397132
0.40585192155942523
-0.22005898702889573
-0.1402969812837531
0.051276630935987
0.30675235756822167
0.15813887386688383
0.4357868530314994
0.3437748721624273
1.117394169109231
1.1636434935064033
1.0152719970169413
1.1358859036659998
-0.0952386239938427
-0.30624925187463353
-0.2864584129048404
-0.03224839123504439
-0.33071012867232596
0.5737918888441205
0.7603963064891566
1.0906082544555131
1.2877199311279197
1.1554737770045473
1.176306939176119
0.5166610013717674
1.1091448295533628
0.9729655491774523
0.8277528211938461
0.4291000478974799
0.6526980046238802
0.3837609212616119
0.3471375872693394
0.586607183042441
-0.20411815878488318
0.011832734117490227
0.40770057407252785
-0.2201002556499696
-0.3009682817671273
-0.31897181882582276
-0.05438955853553462
-0.7235193010948301
-0.1721625112258926
-0.000926101080874122
0.27859787678961073
0.1863323577747813
-0.14473896755617244
0.010854197632508708
0.22226953000613706
-0.31405995546723664
-1.3350214391836008
-1.4311433079678193
-0.8883595179031136
-0.6172176976540269
-0.3249799932091558
-0.2266020883738834
-0.3483336374057097
-0.5373833131737304
-0.45929915575914
-0.2569237477628632
0.017941482345314078
0.1940512728045243
0.3856815679527183
0.07103240398514832
0.13511647018817724
0.04198679117713507
-0.25188745196788176
-0.14728772001620963
-0.5415000058775887
0.4486147328609656
0.5837660967366611
0.5393690130057675
0.6907701947794418
0.5770312932261397
0.30987637668494356
0.5349019315689766
0.637285698179984
0.6955261805445541
0.8744393903880755
0.63772404670983
0.6440661478553643
0.638605878135346
0.37997274824861715
-0.11649468130536918
-0.27934716712864543
0.14608400335637636
-0.3591106909063264
-0.054948088651296884
-0.14999446472613648
-1.6383210539756674
-1.4780124238562862
-2.1889289549322513
-2.376760439710533
-2.3334698305031973
-2.439832971862177
-2.0593445616283885
-0.25673221093430554
0.2743727642449483
0.3884358292548377
0.5436819623603977
0.48356919994512537
0.42241621569234034
0.7025738150592272
0.7839489129711346
0.5632639640748037
0.34239247891514685
0.3576935815104304
0.11002623422283055
0.4545382781950013
-0.10697504546667189
-0.11909221564226324
0.4030669296838162
0.4827341053160088
0.18282827318999295
-0.610995149374767
-0.23902155271377495
0.06114152317634998
0.43538524555093616
0.4998329363974636
0.6031744971678252
0.6872036173350404
0.6050510133803344
0.5748137821623087
0.6129900972259685
0.5706255186060873
0.1956837828631938
0.2698302553977165
0.45435026582382715
-0.16804919392974954
0.0713963317365156
-0.12110613672844983
0.055695521433926184
-0.6340927257590969
-0.23098897715408584
-0.07069037025894623
-0.6319115123737322
-0.2993744791467522
-1.4534171431560687
-1.7296243911705869
-1.379763312088751
-1.913241032121798
-1.5042785041997813
-1.4150159554981048
-2.4375120818841998
-2.4433348157600845
-2.3428995692025083
-2.7593045998804477
-1.838124682215719
-0.577144362664856
0.358292249197173
-1.4075656837971757
-0.4495310069456512
-1.6277831667960772
-2.174067152827695
-0.6399835222522932
-1.891081433374285
-1.4327488685543033
-0.6240122082121151
0.255270407038544
-0.16445674775566219
-0.6538029662376652
-0.5911887652216925
-1.347817083368232
-1.2736406739492527
-1.0645410641072541
-0.4882774237609386
-0.7807982865778922
-0.24974332304676738
-0.045265029299473486
0.06932071409602274
-0.06787069872584754
0.29126524438906015
0.6828392636124699
0.6471319955350885
0.26290718682620623
0.255015408785928
-0.047490080220797856
-0.17162513539548752
0.2537132999173024
0.05955332403465002
-1.740130018532322
-1.9361301092920966
-1.0287156695926325
-0.0802250891507449
-0.23027329533011245
-0.23051243630998475
0.430552255502648
0.40065239906991706
0.3624860731837017
0.6326169699562518
0.5435239033339113
-0.658092366452679
-1.4405689974554399
-0.3899526946022248
0.20858713548677774
-0.8765351278890867
-0.8388157478874293
-1.2873976501610669
-2.2220037977809746
-2.110097419733843
-1.2854613229021445
-1.2791659568704443
-1.1770920501966673
-1.0406726518477856
-0.46429868239185124
-0.14979478063631313
0.2920599666625083
-0.3533797832237674
-0.546991073891787
-1.2322865130288745
-0.8289967442834382
-1.211878888714881
0.15666680133189573
-0.0430433482652945
-0.6625853591895139
0.10571546882291794
-1.152899692423749
-0.17066309515215822
0.5070833315045824
-0.8483776272109979
-1.1505306851457373
-0.5232305463970772
-0.10109418592898828
-0.5583362774836813
-1.4416608068418402
-0.9914310271608018
-0.3220141373809835
-0.7756677627598738
-0.5384282773187437
-0.43020944960246854
-1.4319611097697247
-1.8492677895131995
-2.510577903944441
-0.6144826947816262
0.1826335645099729
0.5018714411452978
0.8587375377586888
0.30381796803121974
-1.0850032286695348
-2.405602023301208
-2.192906691203588
-2.7418639659821076
-1.3085957267443786
-1.1038898788116298
-0.8794681917139161
-1.1848613097637475
-0.9702875063364261
-1.6375777435936967
-1.0179217726158165
-1.7368108331233991
-1.3817660559557088
-0.10533335795327624
0.5037158901370502
0.16689840786656862
-0.1379606669893152
0.4545864623624185
-0.5391495968513795
-0.12994551686829575
0.10455124347084094
-0.5022562443943828
-0.9970659907400123
-1.4901004564245575
-2.338349166482837
-2.104946060698836
-2.0585072106676323
-2.2827247555481156
-1.7149380743723166
-1.043734786674585
-0.7306750596771073
-0.454388907584618
-0.7902035842267827
-0.47992932563490476
0.08270377229964754
0.14178997704305918
-0.9763590842279957
-1.3173647037237037
-1.572155302721196
-2.1558277455997885
-0.9326234913019762
-1.322197273171461
-2.0199151497498993
-1.4671267995571826
-1.993567212885048
-2.2052673459123175
-2.157406847252477
-1.6176343392168369
-1.3038939517130737
-1.5516331175396663
-2.1599716205761386
-1.9518344974995936
-1.1226851951395145
-0.6607704336480744
-0.6441719580858962
-0.8050143352263843
-1.734908467980582
-0.3741259714404348
-0.14108764883356967
0.01738640157244595
0.10322304929530833
-0.07663599566532572
0.4130959490092449
0.68124812365625
0.1266223208323607
0.5165870575072811
1.0688727697489924
0.8003256675916635
1.3265551643189113
1.5092514370146188
1.5668428912329055
1.0650413673929517
1.0830153389841723
-0.027315842935224904
0.5597344826713765
-0.25355196759209553
0.6745788284873091
-0.04976297050607636
0.28179887067285203
0.6589159180394255
1.058010512343959
0.7754731838381695
0.45428163459676785
0.22446362351403615
-0.7701817570359675
-0.18111117017319456
0.5933776480128679
0.1581837460716465
0.4704463751335614
0.1189668802567969
0.4451062785046164
0.8168596832900503
0.7593130425618005
0.7966928665149835
0.8349972958330032
0.6791817327657474
0.8740536577624411
0.5111487954396293
0.8544687797500383
0.9667314725845144
0.7870342357805171
-0.842696547728748
-1.2428045963220686
-1.894791989573263
-0.5477513944201637
-0.6403297050633486
-0.4360293461108592
0.5302129146716146
0.5646131982401197
0.5220660388789796
0.5792975117156871
0.46286402608468075
1.230145108747453
1.0487598812642904
0.6567911651161873
1.2054537032266284
0.6848480553783257
0.8729395206172595
0.9353517398899219
1.2027620205180372
0.9994642489534439
0.715186248069718
0.8034949975723783
-0.434229991401036
0.3263653490832343
0.6741728174504488
0.8487784959194585
0.558962902745507
0.5498756334329775
0.3703584385701302
0.40505173461016025
0.42320062250412477
0.6082471784366907
0.41886068715561875
0.957576751394934
1.1364954056348866
-0.2927201197375242
0.6215927974163573
-0.9846919387439463
-0.33715277658730136
0.3509948022180936
0.9172380364782137
0.8360775903455283
1.0647577264879846
1.0140359428095
0.3573372941769527
0.5454207453667359
1.2584066674490293
1.3019548643347625
0.9129957485008643
-0.22667687215227675
-0.6786239688103011
-1.790270026338578
-2.1235343376066673
-0.40823023021659766
0.8014367108478213
0.789508245004235
-0.9050387488150944
-2.307291396621398
-1.623362800089419
-0.4338608952066323
-0.32765742486473587
-0.2631162647993736
-0.24848130898331555
-0.23756205714376766
-0.07008499951126125
0.6258475385969284
0.507987275822228
0.5566587475762784
0.6286601913176144
0.7430362862661848
0.9246347819838376
0.6480779455393471
0.9053779003515741
1.2045908897653401
1.1585725515404044
1.06125486877317
1.4135362287928093
1.4787619453264076
1.429892947713078
0.061458635101023174
0.12801841384554075
0.31255404664104813
-1.2857215497994556
-1.9804371258
-2.8168198321835796
-2.8947599976575207
-0.8647019753644848
0.5061848796589833
1.074341763478712
1.0656788559161416
1.124034881317652
1.042902924111515
1.0057125766483601
1.0099122005399845
0.8130755237200629
0.9825238436341609
0.8158407299851352
0.3525503723060536
-0.01961908448124467
-1.1753940911872243
-1.6933021854294976
-2.146503468937921
-1.8381976850626909
-1.1891743849703253
-0.9048310190694273
-0.8090620489557767
-1.8244764487932528
-0.9538946076968438
-0.01734725104567987
0.4275221397168307
0.9566223867926421
0.5516525427046903
0.1296498188721791
0.2693171676500931
-0.0339965629017299
-0.14837616739550405
0.2818006020353848
0.6424193847208841
0.6391344133919444
0.6543231467013724
0.21386998689495626
-0.6986299335885234
0.7508898199929065
1.0566357582351342
1.264850446107908
1.4210434773970753
1.549219480450313
1.5117842969593869
1.6365466955067407
1.589567032472652
1.680561644172203
1.6246109927614292
1.6782702965628506
1.628875375181624
1.8049191158761342
1.6409362828288288
1.780633787156338
1.7875179604628113
1.9305693931901675
1.6736354194751872
1.8167832573138265
1.8514673672174695
1.86323068149704
1.567934177093812
1.728982202941768
1.6728214936402501
1.3636411016951395
1.61427573632277
1.5583878065537549
1.7005761403781245
1.7771255942740023
1.8532214389015371
1.5921565047843043
1.8844531139670453
1.5136674677537685
0.9364712712169444
-0.21998269859241393
-2.1728026638860185
-2.437750114586363
-1.9223474457570313
-2.6799337776074394
0.4298466341174795
0.9912907670113851
0.9828794951844719
0.6108679577996594
0.7819727505679492
0.8783530082680708
0.6943142809855261
0.9705959419048995
0.1549556202448311
0.26515678715287516
-0.06885053408049314
0.17157542460499475
0.6461465271151159
-0.29395247223580806
-0.639456790033827
0.047448902038356305
0.7366666246811724
1.1051758679251558
0.4211499568052633
0.7074961574200878
0.6509677500541242
1.0399486345356643
1.116149595882542
1.2360064237678765
1.3809379646978548
0.6020073945265103
1.2518910905309417
1.599531609609195
1.501397234475506
1.3049788347812217
1.0540886534243827
0.9468515816310884
1.1037972454048477
1.1319088695674733
1.192512756733005
1.107547673790536
1.1891503871639462
1.3032370132790638
1.3997336158537692
1.363762076039785
0.5872138632732231
0.7380212308099311
1.2397461095277267
-1.7285068895929492
-1.733470176545826
-1.0588829546288583
-0.27782750718152255
-0.8926753376321825
0.20977906498774473
0.5104362205808304
0.1240048070298244
1.0360759621471245
0.8591418661748165
1.1626661132490108
1.4367211639566988
1.5037114780272578
0.9311603215720452
0.4995109841324233
0.5239164905471867
-1.1004312797964595
-1.9313953899795004
-2.608220947509439
-2.019394518381741
0.09779801509640224
-2.0535460174518296
-1.92060944502366
-0.42272970632262685
-0.38996015293637437
-1.4267186697515726
-2.8660588441446713
-2.112390449218318
-0.85635830831677
-0.4836138885008429
0.05494834989474009
0.18563231592037266
-0.19921487289245923
-0.7028013725984162
-0.9821778442378992
0.08325004670451247
0.5860718408882989
0.918258539280558
1.1005518293076682
0.9958387809439254
1.1836146186869243
1.1166840954187247
1.2026076449860028
0.3859708963017972
0.6740359296988596
-0.39258432270737775
0.37955438458370416
0.5284948246826985
0.3152905040358983
0.6344077651928764
0.9740577479642583
0.9295073627816556
0.41900836418725496
0.9949387885799613
0.9107307967472548
0.8973402226462563
0.09624608188190267
0.3349414438625788
0.1685854313872087
0.13172179435449027
0.10945086883383082
-1.3275858590497251
-0.9398185826867393
-1.615150015157906
-2.4930391820916693
-1.1037345363389144
-0.7425182413155842
-0.686518236103332
-2.459377182835805
-0.7549914987831684
-1.057525594574149
-2.6231827376570394
-0.34508560813781597
-0.07294252966847367
-0.3551826127325026
-0.3242665533343403
-1.1549719825958977
-0.8839413302501589
0.22099901127423927
-0.889200576774089
-1.4213324181789102
-2.338085266577793
-1.5935193806430745
-1.8284695793318277
-0.4555391306863799
-2.824987480076132
-0.9010508808036032
-1.8454244827572506
-1.8167489427403307
0.02446240677463688
0.9986572987334486
1.2365122343171633
1.3356234401617295
1.1405178772429747
0.8809892222731457
-0.27508617211897535
-1.0458893955598232
-0.627421391379068
0.3994880808848563
0.8976093871830424
0.7752248946974185
-1.2043560949966827
-0.4535881492888886
0.5432167244450994
0.6796159207505916
1.1159107200887428
1.049676995370616
1.1219409150057484
1.1982743074203235
0.8733156672487438
1.1615793579054983
0.8817654429233595
0.8890171934261148
0.8369943054329532
1.1141787912969887
-0.8788169954322738
-0.09311841576804884
0.5532775551352617
0.961207359549752
0.30802416447850695
-0.72457227235953
-2.731003672872409
-1.0205247856386994
0.34382235673926365
-0.2221504073618328
1.0116075654549856
1.1630667835992834
0.7937388004515025
0.1821896610869765
-0.044437401869739865
-0.0860501555230271
-0.6352424126970768
0.1350084833573786
0.9124942994784806
0.7848309961157658
0.4454231212218514
0.7517029974359505
0.8930826604062047
0.8357983737101078
0.7363949047865751
-0.8493273449751948
-0.2663937400308046
-1.4183269459568384
-2.280722450987199
-2.5878543424983533
-0.6669385432433816
-2.0945257776403663
-0.31307229735233866
0.6788033521916704
0.9000103297969931
0.9608404521920183
0.5584839967183222
0.7183373699781542
-0.2608166193451191
0.7525490222893332
0.8941940224734061
0.5654182070753145
-1.2584801991728007
-0.42495877418032274
0.24984250994215124
0.13885094625940267
-2.501663165981129
-0.6008832074680379
-1.4067985292023852
-0.40405677701337345
0.7072941978952885
1.2935788168371816
1.1699141191713713
0.8677516690314252
-0.9807361787491942
-0.4927094847846307
0.6475887139252143
0.527714299715971
-2.4158884608540188
-0.10626909389114414
-0.13575104969093252
-0.9042796793222712
0.24297402347523228
0.21769817575808026
-2.0556669014886744
-2.1969913596343433
-2.917210379092766
-2.115791443060759
-0.7951954144233665
-0.8478972157593845
-0.63065245222795
-0.44608702096511255
-0.41400720424407306
-0.4416107179126941
-0.5018637480707869
0.04125341674995126
-0.5381138315134784
0.46747309804003284
0.24142846414905222
0.6822323968164539
0.5600690647200129
0.21529402018087332
-0.36650879108379997
0.09009439769312391
-0.4197080508433328
-1.6592979323426613
-0.26691211993923697
-0.513117803179011
-0.7482801113098858
-0.06413237825062058
-0.9104627406940928
-0.4629228188684267
0.17328617743544444
0.8541217514707742
0.9390036791899206
0.9040761975819722
0.8503559773926972
1.0461864585892076
0.38400438239242946
-0.08750482097153886
-0.10910809843914301
-0.37479435108623643
-0.419582812501475
0.043128233605492595
0.3151793668823264
0.1585897234698401
-0.5091379704051486
-0.3349129275511889
-1.855305095478449
-2.8188071880166303
-2.710504967365462
-2.7066920063072546
-2.452510638932491
