0.4062439094172618
0.23483224435507907
0.006453702346563091
0.12249196422712193
0.31828240902366606
0.2322198200449193
-0.007821616155256356
0.07236476879206334
-0.05177490194637431
0.23429462610804777
-0.6280986906768513
-0.6750344913167509
-0.34945411142285476
0.112850680311239
-0.13919795964621118
0.09149114686484093
0.3320591969313766
0.437336052985038
0.31966264512644343
0.6154580599006033
0.5883648885548525
0.5400786773603384
0.6930552096121431
0.8167876622396416
0.8649249521197074
0.817766177714471
0.8741217164289463
0.6389285757169018
0.47799411505948075
0.3243783064671165
0.2767668097291867
0.5254866561592886
0.5213663467856421
0.5333656477872574
0.5372164971694752
0.3797322695088568
0.6369593860931045
0.3619441485039704
0.3903008153102266
0.539440334988767
0.5552000187213915
0.8971602037699374
0.6322651877087392
0.3304107259242947
0.2999998435257963
-0.0003462805977755574
0.31646227808175276
0.4449972915701285
0.5094312924069688
0.4637495252963447
0.09461288066520339
0.09029501470422792
-0.07503528455506055
0.33014149038762486
0.031792163362547525
0.2108156878562167
0.2636405780713786
0.15549178969179148
0.558043172613414
0.7416356646687758
0.6298186271142258
0.03295899801984881
-0.045944014245933903
0.09541550639696368
0.16444090006183637
-0.12466292284024884
-0.16989432025774526
-0.43956329639743735
-0.5028694374381343
-0.48555908410354637
-0.2590625837823524
-0.40998243166343556
-0.08279960325035812
-0.047144313089866774
0.3673492792254079
-0.3213025379321373
0.03571202242993922
0.5388140970731211
0.6861999841691236
0.5289406481013413
0.6328077575256668
0.7712300337380417
0.758434976343676
0.36716337491323575
0.783487979888409
0.9398102013639364
1.0941615319903415
1.036331433267454
0.9802333145666283
1.1122552132975134
1.1160096839880282
0.9031322460950512
0.8305649810219609
0.8732224144997389
0.14863547144584108
0.206143959940841
0.4857952496573825
0.6060315719058637
0.6243039004967954
0.6082015864325816
0.8380383821803009
0.7430880693824607
0.8410273182544493
0.664471439811826
0.7414048966452583
0.9017503770236385
1.118442204951464
1.1122742962204906
1.046752503704611
0.985527959630546
0.858085923005174
0.8492970368490476
1.0741052684424437
-0.18824417556513276
-0.5049648593982381
-0.5950183092418857
-0.48728606894981236
-0.33761392372142246
-0.1530778041501903
0.06031904277561684
0.26657859638872045
-0.08126447443371033
-0.30208555928393827
0.21963734806294333
0.10307245597041066
0.22294834478698705
0.4571220516013181
0.6693547325467
0.798228912260154
0.5564662797702266
1.0737792287339258
1.211508015139832
1.299874003459466
1.240370920266527
1.1680946512765238
1.2281980154904601
1.0395519301715752
0.6478504748768036
1.1091244364294972
0.8148786427745469
1.0295697297669517
-0.8377138014144877
-1.3197048171373453
0.379106501030481
0.7777528722150494
-1.3448316065629233
0.6749072304746832
0.3840893012432847
0.6783381502332905
-2.139349449170253
-2.7021856875802963
-1.58994723200934
-0.954980124211169
-2.1166080459317294
-2.1207435356194275
-2.7737509313657753
-2.138600696703599
-1.9675845015176283
-1.8192284360967912
-2.5161677527713535
-3.2289583514288984
-1.892424274698962
-0.5233233717897491
0.07532980861558948
-0.08477632706450801
0.21384457855175573
0.6382954560617556
0.5683401406297103
0.9025428587095564
0.8999323517637406
1.0403989666540605
1.002520436950963
0.5236983177921029
1.0976402862169676
1.137624316829505
0.9061293483817325
1.1165934035815452
1.2902708696419323
0.7775610038202219
1.1211145061541192
0.8220409115416454
1.0858423061782454
1.1864483411757427
0.15904820781548915
0.7456526964154845
0.9510533651736565
0.9579474431059998
0.2916719126031721
0.6249027588270661
0.6388862573172022
0.674362738228642
0.9723062570338924
0.8601741264572711
0.5386007009937996
0.6728595738041901
0.2981758809132213
0.026055311184838878
0.2922558261696017
-0.9114783719813889
0.13416968899711582
-0.23821347044365093
0.11559701271415397
0.2093538532245407
-0.3045958380856631
-0.5383339607164419
-0.09656507455032808
-0.3773203148024042
-0.19750297077412599
-0.6520468128668496
-1.1240775149885458
-2.7056898654644983
-1.290317810531894
-0.3340892236916025
0.24174387313228002
-0.20444860062335302
0.2661939846436689
0.3852894593083456
0.36567409728677175
0.46854246087179313
0.5623685518990161
0.6620536461276559
0.8431383254847322
-0.18640731529884635
-2.409187015414614
-0.71871587002097
0.6469022976690207
0.44250110207022353
0.926612123078187
0.45080089445356103
0.015771861850251596
0.020253887910843163
-0.8476759759038403
-1.9699303942999524
-1.803163694943365
-0.9648768198705725
-0.519419272651162
-0.8457641792173524
-0.036321871826500395
-0.03680972511295076
0.10188415951081167
0.4223821151110036
0.4917083365798705
-0.8007443117160596
-2.199901879680354
-2.4311345565707785
-1.1010637221563766
-0.9771877769550716
-0.4092538082039105
-0.5779878124385984
-0.20409684676296153
0.39044320793497
0.6365361534568026
0.04850964770782153
0.16574302050351575
-0.9479355520872161
-0.1272762776740706
0.28143547388670304
0.42364142782051273
-0.5242267229589862
0.1259920499098225
0.20929690276844987
0.32666064232541653
0.6506219800462077
0.12138384060172867
-0.2688277536462837
0.8413483054058611
1.0547700213677138
0.5352705072950662
0.4350661516519763
-0.19707627269561778
0.4701887940798147
-0.04758091684255628
0.10959115994528601
-0.062226778694041154
-0.03517323574867077
-0.5368532975643882
-0.006015307923544247
-0.6129140023728813
-0.7310369343830149
-0.982479991979268
-0.4524323419142773
-0.8571249384370264
-0.8201404689391323
-0.9834602061583523
-0.6225531342227367
-1.0499085829532266
-0.4103511595048734
-0.18348369798714953
-0.05292591340091373
-1.2859227532408908
-0.4698043735343536
-0.7050292910675388
0.17467969930031343
0.5591026514660463
0.17604907565216588
0.35217395177233085
0.39468001448541196
0.7390348821808973
0.8388310360438983
0.8581125433878204
0.4882216029622453
0.6372648025562929
0.12100766768729361
-0.7969333919525342
-1.4049097328725089
-2.232676509693363
-1.1195233594083787
-2.510449563259178
-0.36475606864942184
-2.6342594239408155
-1.7052227417148726
-0.35153206736510556
-0.5802463280014057
-0.06652417107960032
0.23017289575864858
0.31292443772160444
0.5338357731642147
0.6527345441837851
0.6555922031077434
0.3721741725925775
0.3151022507687162
0.45215596842420974
0.7353184855147015
0.8809807757041878
1.1116978912596962
0.4267432657517941
-2.4741884050331997
-0.434504265492658
0.13027601157911003
-2.7682070562441914
-0.10234190400665655
0.25744571829073515
0.15391581052775105
0.10757109208208777
-0.10112320072772202
-0.22957533550132475
0.1033497951745705
0.36786698519068467
0.4858252926365046
0.3928938272995441
0.2697328978320735
0.19834496778690297
0.5523557510391569
0.844465068511287
0.5656583537815362
0.7547194232982276
0.8729955747100492
0.4183629229991241
0.5681730449689656
0.2727888550877118
0.3553357861372299
0.08428343216016299
0.32978585263024973
0.6322669520315057
-0.7697786107747083
-0.4885696748951985
0.20387173285160937
-0.5992132172241073
-0.14584077377130944
1.0235354376965902
1.0116976507433084
-0.4248455109800028
0.21696131973047092
0.7011319664432746
0.3016023345640361
0.8068787524191384
0.7008651398796273
0.5105814030852546
0.1391266442657758
0.785006417454306
1.5617753812185304
0.33968168563132184
0.37110526375918734
0.822921433714131
0.8052701302121311
0.9914324526754658
0.8634482350614697
1.1218668093086719
0.9477587462565579
0.2797615663397596
-0.22496528709513938
0.34326910727904253
0.6004562744839376
0.7615455380113766
0.7787827762080183
0.2703911295641706
0.6714537677164987
0.9907294211961256
0.6597076984043955
0.8173709159652803
0.8578874959328381
0.4452458053431585
0.5512737480733765
0.5021409921461722
0.7390312078687001
-0.23429329852357028
0.3536764255031209
0.7638739734863403
0.8400970166472447
0.5173005581817166
0.06435814860490376
-0.6601668278072865
-0.23122378718579278
0.24918513160696099
0.6901374117942013
-0.2409359315633114
0.0653259252192912
0.04976282393959848
-0.2052948607295934
-1.7759188392908842
-1.5455381221446212
-0.5414613519755448
-0.018528953320759114
0.2955532367344027
-0.1266766899764305
-0.6116246977639251
-0.29958965308179536
-0.10652771328620135
-0.20512562763757292
-1.7694515738423506
-0.36994157420143586
0.21208577514455237
-0.005299524251647722
-1.3766195119949833
-1.2212643166428516
-1.3577494068757845
-1.021596186530563
-0.7078439666996631
-0.9710653091192489
-1.7475604629838943
-2.136233968345741
-2.4076835214524164
-1.8967843937064055
-0.8042700514049361
-0.40992627107460783
-0.11290702610186194
-0.23202184092176487
-0.287469002259171
-1.077080595426842
-0.5871877431542557
-0.021050200544938835
-0.7743397201943344
-0.7604269968228311
-0.16593981640663813
-0.03628415838247306
0.5860332472247275
0.25205469116795987
-0.5681505588178846
0.03440228990626677
0.37864392474490444
0.6833704721300565
0.7420225905571985
0.7762730411077888
0.7635249806807896
0.759894928408443
0.8355040350606021
0.48488118700969524
0.7919514513561975
0.5683408405886657
0.3247262224518536
-1.2810222982307353
-1.865075923167724
-1.3272687990060221
-1.2880851520321501
-1.6399639174697223
-1.004875095742315
-0.13053032695714564
-0.8555107306076183
-0.5690248275120794
-0.5751461363197458
-0.5110782345683774
-2.2910676906881893
-1.3471223630493085
-0.6022867078197331
-0.1109688411953972
-0.301775208892784
-1.4699436493447808
-1.366123243238341
-1.4241055097124549
-2.3527388608561433
-2.450317470741601
-1.7439645373323909
-2.4979371574258193
-2.7376871008770305
-1.2494437668054688
0.3179599575378393
0.426301714563554
0.1726370438720773
-0.15058882528286213
0.43281462919836183
0.01590254459745074
0.1975436025552537
0.7181869815262798
0.5277265833534891
0.546097035259801
0.78053161959082
0.5211857618747288
0.6872076579815952
0.5902004088424762
0.5734625266466596
0.7018248304689295
0.38545255199190154
-1.6563873894159526
-0.975441736922813
-0.41277110075582585
0.038532136211738566
0.022232385114469712
-1.069449330454138
-0.6687193028451136
0.4706353733339726
-0.16715123055110093
0.6679920854675349
0.822456508722733
-0.3346476624785794
0.7847370778326273
0.873357000476764
1.0408021292220566
1.2076726021970212
1.1886145973643312
1.0625577851248336
0.9200173875763272
0.9828281282471439
0.5762135298452332
-0.3199293937547179
-1.921689085289071
-0.9877239572540683
0.3458808341408694
0.7115444731176651
-1.6668589672822012
-0.9433877964657571
-0.41168177322330063
0.09518495261033987
0.5278522275210745
0.427749497586181
-1.6466333608630155
-2.5346724894017534
-0.5006968353063435
-1.7775331749212115
-1.0571683777794219
-1.9924120503602758
-2.912453326057888
-0.8758445349670778
-0.46232831519863565
-0.8236758861815451
-0.07680650129592465
0.4889256146797476
0.4926193877614525
0.019121720732786
0.43768866997756284
0.6251354313330836
-1.2534010177636752
-0.3845601576012985
-0.0213486046916155
-0.25872418197135527
-0.7185950416049127
-2.3853004333886485
-2.9193143862943542
-1.9802542323448071
-1.3183088440070416
-0.5419255536723145
-0.28687024223198426
-0.4149884133820782
-2.3542611185691142
-1.409363710461666
-0.3745371201395505
-0.0889298657456674
0.28867964471363616
0.3859123057441857
0.01430585922763898
-0.7834396152764977
-0.8745036487659971
0.3580840600797955
0.5847140975930295
0.32327995324517683
0.5072734620912626
-0.00841173199495933
0.23872735983155827
0.20617719477111573
0.006218538876302261
-0.0693687419080141
-0.6133180271663418
-1.8497210051629986
-2.3937524879901564
-2.909909679691362
-2.408827006954948
-1.3694339356057998
-0.9875010556405147
-2.0079565784692917
-2.299923706646232
-1.4191100077531786
-2.0889856093636534
-2.713760578035545
-2.118360383328896
-2.3987319948237498
-1.9449169519584228
0.12282805543094223
-0.6311282132323214
-0.40841230696771447
-0.19110368688216225
-0.8590420514644309
0.38371607258478907
-0.01317572980502821
0.505724832997408
0.9748407207799632
1.0361854963538004
0.3453223916312426
-0.11544006638432765
-1.0044398676415685
-0.22050883876272168
0.16858531604544663
0.3894092958261098
0.18918967697187578
-0.5302046020465301
-1.4316205116317469
-2.1722145415462166
-0.8520960690436911
-0.8329406469199787
-0.9035134472781788
-0.8163456036665374
-1.7545401660917854
-2.8174661169878665
-3.2438688797173967
-1.3476344622861318
-0.7274599326067533
-0.7036591583734134
-1.8825043734254028
-1.3569175845493326
-2.142082484055003
-1.8687936182188285
-2.104625359102219
-1.0440578682662833
-1.2315511916440922
-1.5989530420398166
-1.6481568244133782
-2.1024003943653784
-0.5386017633299821
0.09918576251866763
0.5030850268868932
0.4804645423977051
0.37477504139545825
0.4409432224899717
0.46813861373380145
0.3230618264408969
0.4455016646898476
-0.6855577242553147
-2.894531374768492
-1.475504454068068
-0.4528535934811268
-0.9538731631149975
-0.770134625306054
-0.8405637436789095
-0.1539670411948137
-0.8262514904056845
-0.9348005456344238
-1.17711088336327
-2.107397197059113
-2.893154181470334
-2.862665287298227
-2.1529226392358214
-0.7896540572716988
-0.4823198842105196
0.21389565408442304
-0.045279472154996024
0.22673387064851852
0.3991798567757732
-0.33183332402135196
0.19243454973348473
-0.05829400855922724
0.47304945827716716
0.24019471010370097
0.6985159051479519
0.11519739319365178
0.5869307931265887
0.6246351951761556
0.07141333031207964
0.37766182683577937
0.5134377745089085
0.6061273669157549
-0.5167598004518984
0.04766575577781978
0.3377065370044145
0.4213408590092406
0.6051497440800272
0.6399488154928356
0.3259279543060588
-0.1122837776126528
-0.4789341364304451
-0.35554210827705635
-0.18885212306438082
-0.18311967903798598
0.43067670146471143
0.40336663865607914
-0.22547771632417862
-0.5350618320263106
-2.1221125313830003
-0.00571125148569971
-0.21792504812554359
0.23087248568149737
0.19582963177632942
0.08066936508569926
-0.5892724889816184
-0.7742397410796326
-0.8245410418580248
-0.13929311532878172
-0.27026892497169347
-0.07781750478583196
0.15309403037515057
0.49440348926629546
0.4167615277494496
0.41876803455475525
0.44433970086527
0.20641155650840343
0.26207187739427534
0.057742444002926066
0.32159929613036725
0.3761079944735833
0.5524491820127077
0.20534264130489335
-0.17215066072690352
0.2504123356934772
0.3970202359083871
0.3151638474806975
0.22741267329457573
0.08474612351966661
0.461446909860402
-0.07202139388169779
0.11913455334347937
0.2532018753985356
0.20573302275661656
-0.747848399519161
-0.3310389274344078
-0.23011700152568942
0.03982876140371404
0.07938463850209802
0.08115263229417732
0.004419203889986933
-0.018175074015249114
-0.1654881146660659
-0.43164799191730724
-0.5423627780357616
-0.3850655102363901
-1.069015071086477
-0.1400540186510303
0.5559825927088135
0.3458604719420381
-0.4128109518062187
-0.6267059815731665
-1.2241711946324907
-0.4845056254950318
-0.18225307981916578
0.08988090587952503
-0.04617045230956482
0.1674945960605258
-0.4356254131616619
-2.3498415387932803
-1.813285869563171
-0.5068037030089999
0.11533840159909146
0.046808633814889186
0.3972179694810911
0.11691092786278974
-0.1157693920216145
-0.12961404686054406
0.11476326386475065
0.21070008208219038
0.18810884954206838
-0.47781086293576824
-1.1967433705304478
-0.26279949052472884
-0.19817231086790554
0.12678055787095927
0.0898313788390926
-0.3111930190219337
-0.05508565724430769
-0.274220103671406
-2.008052059895016
-2.4829868942141924
-1.5936958797813339
-0.09064385512897676
0.04780609081764396
-0.22554040124614566
0.3197786249412952
0.5716192319523048
0.6272392125554079
0.19743757312711172
-0.36558970394372986
-0.5559242182553769
-0.2683442119640063
-0.8994536804677125
-2.509343574023458
-1.4832345665320754
-1.077206796333103
-1.1509541413283375
-2.1055605463717444
-2.7098277993030684
-2.1270986708206396
-2.5169801656197905
-2.5763687975394745
-1.2865378531638947
-0.10882892728782174
0.2349432282526196
0.2781766227529006
0.41798911854734677
0.28385258720945156
0.2509928645644663
-0.6288881956320438
-0.7749622963272141
-0.07145356117487232
-0.06586274484352823
-0.44669242584973085
-1.871491667118156
-1.1560414917561137
-0.0006607456672549552
0.35317472401512157
0.6266088035532195
0.6459809527133302
0.3812522637891597
0.6360331208040528
0.8517455975174236
1.0544064404671363
0.8288546607182148
0.5342115363366865
0.8681443310352315
0.9390537018191524
0.8344378455269222
0.1930456613814405
0.41736179502464604
0.6448463400869482
0.6536523151183353
0.578754614589711
0.4589114000876423
0.3232225895694047
0.5812360765199428
0.5486578007933826
0.33384449351479345
0.6345304652358822
0.059010076254550695
0.29579129107355734
0.3211463199102886
0.08631967515351456
0.4250658565653205
0.6443398814321196
0.629252270842925
0.10707921190572373
-0.13978342850096598
-0.07314272960300537
-0.8129665313779797
-2.165201053767308
-2.6208313016891758
-1.311807888393802
-1.4596769605703313
-2.83877398473062
-3.0001791301199803
-0.9508468118323473
0.03323064612056495
-0.19533263881120072
0.13728360349966728
0.2862153131887938
0.3084368640053064
0.2596386936803144
-0.9034312756182762
-0.6901683657905286
-0.1468911125104037
-0.10143086813264729
-0.21477930472249135
-0.19701167087683386
-0.6653569260027795
0.021778580059229724
0.018630623911938426
-0.7702351837536109
-2.0774947066942198
-0.9269220303589772
0.24068354009070952
0.10132446677150729
0.2933275545231635
0.5012075780845986
0.7544575115841082
0.2867656948476166
-1.0255123559882744
-0.48498645628815024
-0.022295247103993346
-1.3175335093359282
-0.2606139588107039
0.2897756130541998
0.08500138741294143
0.370955999607927
0.32423094207556613
0.45190048179410053
0.49219891559558177
0.5230297540480601
0.30941643949792347
0.04817085127997358
0.48915721046935495
0.07412485026824785
0.275991057159296
-0.07084737319981771
0.3036643287837329
0.2381869459387537
-1.6233524910386161
-2.5910601688078523
-2.590292831958449
-0.9396960947462952
-1.4752238651355447
-0.20912252104837098
-0.09902322962955991
0.27907172705092503
0.04374319362803791
0.26282838066239694
-0.0671047201134181
0.1065121553688665
0.2109098497996475
0.1347298892875397
-0.7956148779773696
-0.3121984022861013
-0.2969449890402917
-1.0647238405875363
-2.2932385780463433
-0.8795710446285251
-0.047634460413504484
-0.7190548386896981
-0.5058413932702637
-1.8960691674302417
-2.5629292630400333
-1.4515393257363711
-0.3449241660387719
-0.28772791840844053
-0.10211522331793534
-0.39579240579253544
-0.46377615657567156
-0.16888483167525906
-0.0038178037101120567
0.12946217662844378
0.17995520347369487
-1.2025966642850499
-0.43448700997270046
0.19287862636843933
0.16195748733632204
0.3469067106785712
-0.1635346216424678
-0.42207989880507174
-0.5020819299244703
-0.6369343890393885
-0.5572119784592994
-0.34917739256361796
-0.19609514981886955
-0.42048282933205755
-0.06638940689172033
-0.06264022158159849
0.4533318162623735
0.8483315818532972
0.8851849250113174
0.9006779609906058
0.7741579682007961
0.9073804472410979
0.6798067401402353
0.2614493196940041
0.049288061615763434
0.11067057956299585
-0.3613527415953555
0.15347083390424
0.05825566703039657
0.3208334166267895
0.6062598984164658
0.6133640606868033
-1.2058257445008067
-1.7605167114355096
0.022169497980744406
-0.8709917290876761
-1.3349519844514295
-0.5147345642527084
-0.8912341657046811
-0.6941907326799923
-0.259452018740564
-0.23947532857369186
-0.3439087335249141
-0.6044356678044854
-0.9752836077087126
-0.4914374301542972
-1.7996588840946757
-2.6487060076438023
-1.6871059990190422
-0.10417079607520431
0.29879166116614736
0.2942605972739916
0.4148578643337819
0.5415357452893319
0.7251504333213651
0.7027218530999232
0.01631716630786325
-1.3221208518706273
-0.12744792440711197
0.4662081191007243
0.3462891129700026
0.22152411809733535
-0.7151452523714351
-0.26661182204438916
-0.21952385677606961
0.3007776643957604
0.5400991291008853
0.253510744329843
0.6259724294728238
0.46427854087454334
0.32073147749700986
-0.26257607734720423
-0.43643572117635565
-0.4066678708194741
-0.4691541924065084
-0.07964535581292492
0.021160612758374775
0.46511318865496815
0.1601116766020137
0.5437878747321928
0.830889191082822
1.113583543187567
0.9006942495253719
1.0919274149423537
1.1165341961049489
-0.3199083961561199
0.6469523047428032
0.7457606802715034
0.6653009210398882
0.40129753168226007
0.24272499028592148
0.3985816333110202
0.22369931441726465
-0.0368950497264926
-0.2799632269412606
0.0392294539297228
-2.579344549959056
-1.8570988332530982
-0.11962680064294276
-0.12999592111453645
0.3032592555107782
0.5322433889107024
0.6198865207369113
-0.7302478040912502
-2.7311132086592944
-1.0534117002027956
-1.5974088455092734
-1.7386532532139105
-0.4941952983818493
0.3619917514737216
0.6740856123884977
0.5565080852593406
0.3735931711056532
-0.3859484382042823
0.044847483500703195
0.41302705075094176
0.38503795469662844
0.24479736875235775
0.6880756484483037
0.8021790114899363
0.482067711832653
-0.16415673573177472
0.16338881156648327
-0.9426432526810964
0.14783240081047294
0.41160085626731335
0.1023084284134181
-0.5355517851361501
0.4502512978846981
0.5694984136870666
0.33886448229902427
-0.5410980248207169
-1.114636683708393
0.6392299404806397
0.9031009035265214
-0.1362470502468812
-0.5552137480040241
0.3229733294534017
0.567221221757537
0.7137488976214831
0.5542170681253623
-0.3489972458584224
-0.20735174711133567
0.13421378009752538
0.028095520904691806
-1.6227069079781589
-0.12529875563994677
-0.21621651656684565
0.3669021383476254
0.09511190232502512
-0.6594513168569585
-1.1493175180867348
-0.18834095345745624
0.6272291570255576
0.6762411097150534
0.664878685771528
0.9458878365751159
1.2354462203625465
-0.07011078677378028
0.42090519895944584
-0.26098525625258323
0.268982364925071
-0.37707574984668996
0.9040569972530962
0.5465747353416425
-0.49197923852063996
0.1420043862809301
0.3239863069009747
0.2233487342918124
0.5781483577454142
-0.14509450780256347
0.9001934876108096
1.203744696177913
0.13428708265871053
-0.4819050239371255
-0.6680923560275661
-1.006833227492381
-0.7190774107373676
-0.5366410056863219
-0.018234925222112702
0.10422835076754829
0.3602861063934091
0.39426224666166765
0.2332008378556955
-0.35557665923427045
0.4389494307680063
0.29239176634083563
-0.04110664620308156
0.43702503428504635
0.17476526519609883
0.7033183153086277
0.2677279840271022
0.8077060852248164
-0.3038794962267792
-0.47539590422014216
0.23565308195445386
0.19415716942030442
0.2878507973782987
-0.28937417123236625
-0.4454188697401537
-0.05306983505347997
0.37255555713519245
0.5723204661029176
0.8583124784404064
0.6556401385574703
0.4456011509581432
0.8575998689931982
0.9207365217542486
1.0827758634400546
0.7898193413384312
0.7428188722534279
-0.7592083478653049
0.10183152144967665
-0.6864372605481514
-0.02129564597612493
0.3550003055375422
0.5171326436576316
-0.3045332812090152
-0.8172525485806549
-1.627375190521481
-0.6222664554014886
0.08873162302431302
0.02860481345724951
0.14138034712688297
0.30349537854476133
-0.21943210492241838
-0.13917593517038152
0.03912721313065005
0.28680966179760287
0.10090191467352484
0.5083940870246658
0.36106174505029137
1.1295048887157655
1.2019204331479665
1.082519339048288
1.1503936755366921
-0.11164463875669134
-0.31584430173570566
-0.2071051832868278
-0.01814146874170261
-0.23920467786402394
0.5410987756703945
0.7502221419554788
1.086088097283643
1.291154992036108
1.1745795677185416
1.1440101409056713
0.5364287206548431
1.0374250651524932
0.9386433324604387
0.8070474435732836
0.3736552422313338
0.6287091552902868
0.4006665549625252
0.3994364417881746
0.5924895725164072
-0.2887062548654673
-0.006765725714639755
0.39182085919897097
-0.2556761155898609
-0.3091999491605318
-0.32699376462486646
-0.017750771536789153
-0.6753290467153317
-0.1351626582902695
0.016774786883233486
0.28054886953986086
0.19343723180349776
-0.14323156112108548
-0.030152105599399896
0.21732745706535977
-0.36723516120952926
-1.3433199418433408
-1.438979767622004
-0.9019414676895584
-0.6290391764193485
-0.31195828446935786
-0.26114705501105157
-0.3817636641571479
-0.5394648389667956
-0.4347104299892688
-0.20970372140497776
0.021961217603409453
0.19036862587749176
0.36530634504764475
0.08446013709910355
0.12472465202373766
0.06381672200547663
-0.2522470922411197
-0.1135637571574434
-0.561533692081405
0.47727928742099485
0.5958350078993621
0.5744133767087188
0.7363456410096639
0.6121196717180569
0.34808753039127815
0.5828380934977634
0.6258549274976893
0.7405093864919015
0.8977508702951679
0.6428722563615235
0.6643474653025284
0.6335112767192922
0.3894669398360068
-0.12146549591587485
-0.2613916597559985
0.1415465714482633
-0.3434246855047361
-0.05161837948267434
-0.11341509742266148
-1.618801007868535
-1.4572963617498622
-2.199175381732093
-2.47827577173778
-2.4078913071240433
-2.655023958303904
-2.095193348488189
-0.32119114280524835
0.2596887286026294
0.37784674350051767
0.5261331259312731
0.46987871716933244
0.39419979837527824
0.6923898928104657
0.8001310166255068
0.5809043138079865
0.3530196882345096
0.39352127934527503
0.14243742045623825
0.47120818018941507
-0.11314240914280836
-0.08958522462236779
0.4113916596947641
0.46011784069003486
0.20204661019714953
-0.6078602122549851
-0.19389340381821996
0.10227224481413587
0.4956718311229374
0.5278986906529529
0.6551718660397785
0.706550244120065
0.6025508929767395
0.579644104946642
0.5925218105374058
0.5911942296363462
0.19457508991512057
0.20581063316420667
0.45003040778475717
-0.25932274637299324
0.09359334933090155
-0.12462190218701356
0.07540621266440421
-0.6639484440627251
-0.2509121414020184
-0.12446577379781347
-0.6542497050323305
-0.3319787910194924
-1.378367865965204
-1.7174597320253202
-1.3952825115386391
-1.894052104159964
-1.4667989513790407
-1.445313867761416
-2.48751771733142
-2.5328397218619805
-2.492393017920493
-2.905332310359997
-1.8510594888004586
-0.5818049956181776
0.27892117995120963
-1.4460604273621285
-0.4506499658281001
-1.6607681345160823
-2.073476857159412
-0.6865706614133086
-1.9586954315978369
-1.4818899460018236
-0.6165580731909697
0.19532696205755837
-0.167686386610639
-0.5924175722067856
-0.5313748208746695
-1.3506455034089786
-1.3529122691921998
-1.0573427651387752
-0.5540133167660227
-0.8260639075953332
-0.3071179656099293
-0.03527687983678699
0.06261601773390182
-0.08637288048243282
0.31807018331202436
0.5972105264405391
0.5944054253288411
0.2377397026247377
0.199848602426118
-0.0711636267458202
-0.17024506499571496
0.21770998004165876
0.05273145729887241
-1.8642473295945425
-2.018003312707792
-1.079528654103053
-0.14343430599276571
-0.2915572954086965
-0.27868695435820484
0.4089153130481476
0.40250153274479794
0.3901263329809756
0.6059756880474431
0.5090570546387215
-0.6383044257310043
-1.455542455327836
-0.3774059590465845
0.1911168126871191
-0.8681630834250461
-0.8527739692020934
-1.2995165469600678
-2.1212893092900393
-2.1059430337666183
-1.2664021731780055
-1.395017156721198
-1.2579474248757891
-1.0010311575956334
-0.5266124376504498
-0.18470929679590142
0.266084058960221
-0.38800556947724424
-0.5285318832949472
-1.198464038528293
-0.7957173253930528
-1.1899256682873331
0.11272764197061164
-0.09177616290938377
-0.6794397454834044
0.15137475914928689
-1.1278482014686337
-0.16927959906034604
0.5064890666144556
-0.8439117847700254
-1.0487036290137364
-0.5559275097643189
-0.15714185787034413
-0.5983467962046572
-1.5792479317470487
-1.0054141555004787
-0.4072027085817906
-0.7308173096722538
-0.5859002156574997
-0.45249333893808635
-1.465824966813554
-1.9493632007644837
-2.557075072482459
-0.586097852414512
0.1593682640113342
0.4934169495377177
0.770492614149186
0.20361175367838796
-1.0990087715526142
-2.3104736590500026
-2.348971028516707
-3.0160287481766157
-1.454344080279966
-1.2292934195369678
-0.9835616787595499
-1.3365926116334617
-1.0689213104400148
-1.7627201692485772
-1.056933459657334
-1.8267528627300602
-1.493854707260088
-0.1775925183520028
0.393628870490712
0.06176743528165883
-0.12970232293678804
0.4467215747447028
-0.5764417305462866
-0.06503372226569472
0.05898170526048327
-0.4923084778002524
-0.9291524660111633
-1.3800555827325032
-2.4568745542863284
-2.2144771549140616
-2.2413269295648193
-2.3917820300327652
-1.8810984620651068
-1.026119449937716
-0.7557778159545172
-0.49876693734813693
-0.8662901879856424
-0.5291353564701932
0.008219858125663613
-0.03660512103967362
-1.0626425213021566
-1.3006083538598765
-1.6613606051930794
-2.1106286191189527
-0.9146381555208728
-1.2970913101682724
-1.9560787797582946
-1.4980711486241993
-2.037058084091804
-2.228797822239588
-2.168687416143407
-1.6768740821787271
-1.2837288065493992
-1.6305461954036389
-2.2086672828158296
-2.041716748073695
-1.0967857855371985
-0.6462774183513592
-0.615463095954461
-0.8719455627961384
-1.7830157510844193
-0.3858202833957043
-0.15603609061851176
-0.01404691646508773
0.04895666154883362
-0.0745393015672345
0.36215739743374814
0.6965993900990355
0.11283713237019335
0.579811645014185
1.0350120934312432
0.873112907216499
1.2733158628067347
1.527265539959723
1.5573922029846579
1.112261213966802
1.1318477151783275
0.021189898343436445
0.5571952519975658
-0.21628582014629355
0.6239693846135211
0.05745213926903188
0.3430433492315322
0.6232123778360958
1.0783295562963606
0.8074230495034511
0.44747731102184934
0.23929231300227044
-0.6775503810878359
-0.16652745024897875
0.6388270233709853
0.14926395062530567
0.4812498187128906
0.1414898044889633
0.4883161235315672
0.8307080158341137
0.8154896185387294
0.7948136810694926
0.8584922559583462
0.706110608892427
0.8820600032718982
0.544199623015821
0.8719831816267213
0.9592121244665884
0.7658548371915312
-0.6950720846980991
-1.2089116577353654
-1.824445127425638
-0.5539960103642968
-0.6682268573031246
-0.40715544853112196
0.4820495734099453
0.6096738057289233
0.4893168815239944
0.6793053796744571
0.47331826370237134
1.2380250973965634
1.1074445474748125
0.7217140494972442
1.178689996044187
0.7389100102817925
0.8869226465419014
0.9421988296160306
1.186324664215018
0.9565354222866082
0.700598639092932
0.815678013130051
-0.4160631351441187
0.33381560127418713
0.6738468783467327
0.8567313440412541
0.5422623966044372
0.550912235132573
0.4322280414199267
0.4294170876488908
0.4732559704684362
0.6630150820965616
0.5019172748066495
0.9808009532427121
1.1428077020008773
-0.22718632088279556
0.6254857107068409
-1.0113473447521215
-0.3273333399094927
0.37823679506471247
0.8745782750126279
0.8248646189583902
1.0210270407053663
1.004001809675444
0.3075152358317285
0.5795323794137642
1.2582624176920492
1.3243644473402756
0.8750799748292172
-0.13766706302374784
-0.6603863282566144
-1.8245769082045993
-2.133642926036417
-0.3623632649181671
0.7415361433862816
0.785543899560612
-0.8503030464377604
-2.1613265087742954
-1.7900814306660355
-0.6087444943635033
-0.510174261678871
-0.4763590171279062
-0.3762464753534992
-0.4026426309802437
-0.13530345954338713
0.5096380248678516
0.41281719441467074
0.5130371950987527
0.5749187569783561
0.6729574044660792
0.8763035505157712
0.5888628101998711
0.9024382511008416
1.1865645187704745
1.1434575993227794
1.1181703025034113
1.4258957126213936
1.494683467141289
1.4210569251215088
0.06796734452180901
0.21008782051993977
0.3539690683373764
-1.2321209147152943
-1.9253085791123241
-2.7946478335614215
-3.2319406528112027
-0.9482385371349816
0.36501915814821867
0.9287329441079791
0.9564226196024012
1.089087060734347
1.1120341232506328
1.0169098437257578
1.0038560277591404
0.7725728142386116
1.0264951768389259
0.9507008899944034
0.35831143262362586
0.0010485120446903189
-1.1554316368919113
-1.7495851435829646
-2.1253484021490796
-1.8803347914363653
-1.3090886830327109
-0.9762689338311827
-0.8498748830516002
-1.9630875687964693
-1.0122101006515778
-0.08347063760737072
0.3380349240955353
0.9722819339638846
0.5767495861000004
0.1925047619808742
0.35244464378390106
-0.0065536863093970995
-0.12693745591092465
0.3086998863179547
0.6884755397107647
0.7005016005174168
0.6860737732981982
0.26430767146270684
-0.6008454327973349
0.7640808721430367
1.0137242513368108
1.278823704883793
1.4603922220266385
1.5594677171573046
1.5494295619944276
1.6124405182761077
1.5574813872370354
1.6561088933633898
1.6091147258629872
1.6787252209685652
1.6126029080958149
1.8141449028141252
1.6321998038543466
1.778467549366526
1.7977805003125589
1.9468789782932392
1.682340139855274
1.869856512507298
1.9011838052484609
1.8922839724608165
1.5395737768360087
1.728142124743866
1.6571697401360295
1.309706682715105
1.6347079388985928
1.5365951852146789
1.706496922650469
1.788747826182021
1.8911214330277857
1.662463056284955
1.980631079107769
1.5893562065350024
1.050656324632965
-0.1555368959293052
-2.1022599750746895
-2.5651675172730086
-2.101057961041469
-2.9264009013471903
0.3607859830430254
0.8893156227815121
0.7819668517017047
0.5564807057160913
0.8074378629552311
0.8912237923403336
0.6898685239790768
0.946381929663885
0.10681411883494926
0.33076387580733674
-0.04569195400788285
0.213253992928577
0.6358842434825951
-0.3233581184691963
-0.6238986245672457
0.03380943029769602
0.8001779258068962
1.0351707896463707
0.4014801092522765
0.7246155941297324
0.6919947923780817
1.1199841411003792
1.112169235941507
1.344940673684851
1.4265780366061878
0.5999656249441464
1.2512410547244848
1.5989609840547154
1.469983066507079
1.2509090558265148
1.0184287008145754
0.9903493812740897
1.161231810712473
1.1333189747854795
1.1651724431166322
1.1830467518534655
1.1637755579379185
1.2885502388689178
1.4067878747594205
1.3591011616419226
0.6135530403775854
0.838891320756329
1.2167514897981193
-1.6954031781244878
-1.6239139564262441
-1.11162776231131
-0.26925977403216045
-0.9704820836847016
0.17885884308234562
0.5089077904394118
0.19170160491188645
1.0736148859147043
0.8782491451991065
1.2046615155158786
1.4740780841595318
1.5342536384356031
0.9669759459838154
0.6236038268595467
0.5787597088092603
-1.0298871085711758
-1.8695189980469797
-2.6072679879921643
-2.0817188988407644
0.11860541487366467
-2.09757831656808
-2.069639112452411
-0.5787716720238448
-0.5569168495127299
-1.4984239751296207
-3.0594480613924806
-2.097903076414366
-0.9141111645457436
-0.623806667488083
-0.07665228130750079
0.17554484536288206
-0.2570855062635609
-0.747110980838312
-1.006383635820932
0.05761852856711623
0.565471492726614
0.8566770713297055
1.0467718523617056
0.9837575482241071
1.1215088850703174
1.0790280249157582
1.1503746343203125
0.35607927523215727
0.6863894208594076
-0.3620127679620344
0.39877053092177034
0.5195362103440576
0.3045626008938254
0.6518461330692185
0.9898114792778062
0.9859601835694529
0.4458127383172035
0.9854428270801229
0.9369831707608111
0.9120947246568717
0.16450390212951777
0.32242249047892924
0.1913987331012435
0.15002771631777945
0.11757071583066893
-1.3647173286264696
-0.9525591632326339
-1.784707229555442
-2.468996971339664
-1.1629887640566168
-0.7773334851657249
-0.7217071709273231
-2.4925055177074857
-0.7675243832471091
-1.1463719324525647
-2.541234984811075
-0.36242460834960494
-0.06570925577740196
-0.3950456408541662
-0.3551883655814198
-1.2137412189955321
-0.949024479351999
0.1325471259982578
-0.9970281839780762
-1.4545735772453634
-2.3240930741833137
-1.628592164451396
-1.876640482926958
-0.4738051323177818
-2.8146956128068004
-0.8688255367171841
-1.9125781559149528
-1.8559352194889533
-0.045821327961895975
0.9749603760293342
1.1661618345456581
1.3328175974432894
1.1109328234961104
0.9095938898734387
-0.33540458553134017
-1.0979293062593696
-0.5912356070191004
0.46470689506831214
0.8755049056018077
0.7968662878535208
-1.3118225821391643
-0.39894700186268955
0.6094886528918885
0.7056798387036348
1.1383147294522193
1.057741343203412
1.1561694356638532
1.2002396705943843
0.959262341740643
1.1401151853301212
0.9141600612611914
0.9061126010401581
0.8894977850281052
1.0350961364908686
-0.812255392786768
-0.11242345531491527
0.5730873408442645
0.9748421905730058
0.32554462216631064
-0.6838490858123486
-2.9184477097203625
-1.0414457274126665
0.17767831387582736
-0.4903142222172225
0.7672252403422138
1.0476650512563133
0.7057047416312263
0.08667070206549808
-0.11600985296217482
-0.1636712168329787
-0.7630938500821636
0.12957036491841856
0.8651386899689398
0.7021242604295909
0.5241860329101363
0.8260808191497718
0.9314476010025515
0.9040315899814821
0.6933907887572591
-0.8481198988065851
-0.22253041203959945
-1.3526656885160904
-2.155696710308453
-2.5567375161307067
-0.7013628639556512
-2.106619124778377
-0.26275688331656494
0.5998706872316829
0.9143838073490582
0.9165627541434812
0.5833201101793347
0.7533478796142978
-0.31805091310552464
0.7584962155662502
0.900759781697428
0.48236795389861925
-1.391001604928881
-0.3775147381469049
0.31404050252534405
0.12268591717052614
-2.4836523250587415
-0.6189301638633941
-1.5001346399752484
-0.41771800151296923
0.6714658058452091
1.2727588781193782
1.1174087148201197
0.8912618247569911
-1.1544894314494618
-0.3857748674174904
0.6625978084591249
0.424683573866221
-2.307449425115479
-0.07312286637364956
-0.19649568969193237
-0.9753399619438068
0.26346109662729383
0.20092516719324693
-2.076965396621229
-2.176405219750189
-3.038577206146813
-2.2739269803838655
-0.9098147083049645
-0.9164961089548042
-0.6754395854872396
-0.567588291143074
-0.48390553599506764
-0.5361588362121946
-0.5282050104098979
-0.05306950187147309
-0.6259847584975328
0.3621323560568816
0.17266276426941946
0.6752320502078003
0.5376844802968493
0.22796898013864697
-0.2998648243358615
0.10467665220977436
-0.41486588642142014
-1.647469311238291
-0.24198488571228105
-0.4802914967589949
-0.6976065626873283
-0.08676324756218469
-0.9181531403843642
-0.47753611713699257
0.11435756853864797
0.8127525328848686
0.9916135483810024
0.9883864559116206
0.8902716972983399
1.0237836791197996
0.36468790291248304
-0.034073052719553444
-0.07833005810898777
-0.34381107729616645
-0.32964242693531276
0.08769175231782093
0.34811851277583833
0.1332663323864613
-0.4460415224293795
-0.3091763565668422
-2.012785457586748
-3.0374207114985476
-2.884350984690095
-2.897474487314008
-2.662281137935128
