0.3375285079687254
0.2315469475181134
-0.039473511014227955
0.12865833185311187
0.285690130514188
0.1737354094354377
0.00219291378888033
0.013865160838716075
-0.06420852705979524
0.182758079972768
-0.6008382969941568
-0.7811321108276125
-0.29902532983673036
0.19177261364864043
-0.17181834845164942
0.15497186287257084
0.4195429196804045
0.3397814006965861
0.2799333632286577
0.6038014459683642
0.5680221671397677
0.4806383481823164
0.5974708673866121
0.6922024048232179
0.7658306680253284
0.7117302532893145
0.816872824953083
0.5408238072536856
0.40865701832529766
0.27216592982812354
0.18065039921846618
0.4760688076436725
0.5625626377562755
0.6027164342659131
0.5742160953867442
0.392813434305849
0.5907358591764916
0.35525494448406075
0.359930632994443
0.5044021090571309
0.503834552955077
0.8359660677770757
0.619703706669099
0.28946226059660407
0.28298308961082713
-0.03129796766900768
0.25672328957389806
0.407834284502257
0.49939096357445445
0.3439147904233675
0.06731182028717364
0.05576878819068144
-0.19940655319360337
0.25391606939291134
-0.024354084974314044
0.17435725641370317
0.2163575800859769
0.11056460290621621
0.5105252277909073
0.7034207769242636
0.5328288591639732
0.0027193102952564547
-0.1477599388655305
0.0028261141342376156
0.11174691131633464
-0.17333540001449102
-0.34050795242346255
-0.5053343013168524
-0.5873542674263204
-0.5813525353540496
-0.3462799842199687
-0.43252583235532366
-0.11108202129211321
-0.09436516467136846
0.4317045823464232
-0.23053670819789523
0.04852447010842885
0.5648711672089591
0.6596666415176743
0.5258226135393966
0.679585102449933
0.7594198790049151
0.7065692974331391
0.3422650082700666
0.7895653196007226
0.9157376365214891
1.028084063959762
0.9881575274934254
0.875383568745856
1.0083290066556299
0.9766820076128641
0.7878825928162951
0.7401099699498308
0.7552811742007117
0.08954729251005444
0.225984751246395
0.46062534409077804
0.5653070476164489
0.6288451234980574
0.6260000352467452
0.8165413904093669
0.7505761117535573
0.8428074832474681
0.6354029225446489
0.6887513510625977
0.7676130775673411
0.994409811473975
0.9267489832341594
0.9574962898082676
0.8254699820671509
0.7448881751702967
0.7274682238760594
0.9640179433414187
-0.32994195687010996
-0.6041703193936537
-0.6886873286264975
-0.5714968744053003
-0.40195008935440757
-0.2392914558460816
-0.0002948672725170018
0.18263026701025886
-0.1016093916509357
-0.3207711653314343
0.1654611608754226
0.07727522420469854
0.17509675027476243
0.4693142608695326
0.6564770587417504
0.8321425312159662
0.5868170979472769
1.029551443666102
1.079745460001207
1.1216550257524012
1.0935209054611061
1.0188543918170296
1.127338546974181
0.9069193635171736
0.6853950423976055
1.056869662083264
0.741362988791804
1.0157987222002982
-0.7910782912509653
-1.2418192905523426
0.48876802123520935
0.7701111034795117
-1.2318887221261936
0.6531793003802068
0.433154420103467
0.5662071638472078
-2.021627000701385
-2.6104852559733374
-1.1893186495492325
-0.9802489876423771
-2.0688645028020076
-2.0631654709025473
-2.719870484990881
-1.8990506612682054
-1.6640996636828118
-1.7483953108700159
-2.4283058558122868
-3.367607923050788
-1.6701702825585858
-0.32138108317302017
0.19303435578954306
-0.06348741770648793
0.2563936882212606
0.6307016145455174
0.6029793707702215
0.8858834965234706
0.9563046503953894
1.0506808963902923
0.9212315865411798
0.6195369124815118
1.2041871902126053
1.1281150910361952
0.8660040412105399
0.9732830074097513
1.14688548823391
0.6698838449303325
1.030327673149132
0.791674804450207
1.0684028843050348
1.1486634078285316
0.10042893163137866
0.7242184619778257
0.8300308839672058
0.7522308189121498
0.22101216644536567
0.551454617974786
0.571470265334065
0.6168382094827141
0.83448899978707
0.7131595948677718
0.4531356293756054
0.5901144527172437
0.27646091272256984
-0.008437126801941698
0.2846651783231093
-0.8783145644254493
0.15041720038011452
-0.20373677907443669
0.1381429934397858
0.20481324536975745
-0.2864228115472938
-0.4534822688031261
-0.1851982763616094
-0.4588090133550987
-0.2880983145637824
-0.6757935985714641
-1.1603436777217482
-2.6698913107890427
-1.2094204595178257
-0.24831984762911294
0.22775836312742628
-0.10553790747367907
0.24760261589735338
0.38744738559587794
0.3387585515345745
0.5153671137176913
0.5481497119231841
0.6706452113409049
0.8969359163346718
-0.13378517967162687
-2.3326365878436293
-0.41407305319764237
0.8479523338699824
0.5326884311773331
0.8419231256669221
0.4116410095075046
0.029565474910884276
0.0005645547742008208
-0.883234562961582
-1.9594270369045554
-1.6740931180290357
-0.7805681220334902
-0.4658754375159265
-0.8961821085025664
0.03167108632898553
0.13149363287198862
0.22517120410250396
0.4509873966449605
0.42534305339137307
-0.7765117488876562
-1.8809958927187949
-2.1789918448937775
-0.9314212810652271
-0.7312413972851483
-0.15252459108937005
-0.4751289459527812
-0.16562086495790954
0.41241136224500313
0.692135930664476
0.1887441212783038
0.3071179912998689
-0.8171340241451516
0.03465195845622694
0.28021144868933645
0.508420059253315
-0.38643940606024774
0.24829519935516214
0.4258682839528748
0.5266750808897729
0.8421376113068252
0.24937931423490606
-0.08391269431457753
0.9430114079302764
1.1236023006291556
0.6690670313570137
0.5537492319116786
0.059673581393048694
0.6665872471050223
0.08518046163734135
0.21791065513694988
0.1476029746288253
0.0005452382536970905
-0.38749944950240184
0.14675805635075417
-0.3415572512865079
-0.5540704491241809
-0.7841126566550464
-0.13085893362180417
-0.6658815581374575
-0.6068691750924405
-0.8506870493613323
-0.4639918468021901
-0.8754451750634812
-0.3275008137749453
-0.13610945798474214
0.03465179914569774
-1.0955934447310434
-0.32102683812367083
-0.4491062535795521
0.3679030745696866
0.6943817321979248
0.24762360054943278
0.4844304251305341
0.5692060404341853
0.8288665376144954
0.9284088889003819
0.923169106694431
0.5399566107208276
0.6950275857638734
0.2413305369791013
-0.674510832049845
-1.3044243774871518
-2.1719404657161303
-1.1840953203633728
-2.5924000952595634
-0.5532291592933003
-2.652352371592605
-1.6366916506646392
-0.31589937491247316
-0.5407943140945626
-0.02228599888900521
0.24448200380745125
0.3315432346259332
0.46770645855119103
0.5548594702839648
0.6026662578534443
0.41852174535616576
0.24286975735583652
0.31633971430613606
0.6325453609580839
0.7617779568492463
0.9443586060830313
0.4503325457894583
-2.564493441959634
-0.6137854411100483
-0.14419213245033682
-2.8403409468085217
-0.3402964410230084
0.027324576423154463
-0.10819194976223698
-0.06467233640736923
-0.10378539817625614
-0.31539403599987287
0.029502464960966757
0.2563732569494614
0.4100461417173941
0.22004014823384632
0.19666166949762112
0.2223169698817206
0.48885476008510437
0.7874240716479095
0.5150168151257932
0.7587971180170643
0.9398755894982285
0.4362790831010073
0.674230968434273
0.34715908737680323
0.40005527771394533
0.12064923499398501
0.43052872378925505
0.5743409141700463
-0.7293829689374609
-0.540437981950887
0.12450914328130328
-0.6600214619335282
-0.204234133067051
0.7335838128307467
0.7642612200375766
-0.3383975420438446
0.13967419941300804
0.5842068877600333
0.2447330563578113
0.6462907012156446
0.6153189079272562
0.44029346079975074
0.07938854582137032
0.7332602222463115
1.4933010934707711
0.3118666298510064
0.3294348276426678
0.801264689767024
0.7453557527701504
0.8170145979881982
0.7790583026573377
0.9594242123771142
0.8101988556225725
0.19103280535950834
-0.26971868607870453
0.2749735483952555
0.5656983697233315
0.673248060430723
0.7604685556346878
0.2744348918716185
0.7724807344689594
0.9706558579222124
0.6368132337750564
0.8525632945108532
0.8877521757208054
0.40074516530851284
0.5134441797421602
0.46400411986652745
0.6996749034059532
-0.23867074863821683
0.3187104113657919
0.8177689561956678
0.751626215708739
0.45860324289042126
0.036937351489880886
-0.7279175885255983
-0.3260774246057168
0.20951106996746857
0.6586409986753822
-0.22574404276597473
0.026438793036811476
-0.042288817505950656
-0.21497442613595905
-1.6578128602922617
-1.4828619096836566
-0.44190584104256897
0.05144589045610752
0.3281041514752595
-0.06081125945596327
-0.5351479945873109
-0.33599479998403176
-0.10656984195525322
-0.2608942764057102
-1.6713669249351928
-0.28778535703917685
0.19750287424988364
0.08895691378289645
-1.3026262392718526
-1.2171358965595311
-1.3801437936032308
-0.9826160967890415
-0.6757958452239478
-0.980592061625744
-1.8222813208137028
-2.202251959395721
-2.4507791809988495
-1.8598398368566078
-0.8522070483893633
-0.34730770582721676
-0.08479093541657977
-0.2566314314573624
-0.3294022667162083
-1.0354288596313839
-0.5321795853281388
0.1214079887969154
-0.6740572479707604
-0.7122337539504046
-0.07653745261203772
0.024620224746276363
0.635257872274445
0.35712324674613277
-0.4980116116380738
0.06647903196793056
0.44702263314669205
0.7345880562072539
0.9051034973241149
1.0177408005502016
0.9120597430689763
0.9213982063078702
0.9189561816674267
0.5669043371136392
0.8028347600482487
0.5675952474650648
0.4185933402100242
-1.1945028120875485
-1.7828659508225828
-1.271012197511178
-1.227845367247921
-1.6204721344427677
-0.941933854368014
-0.05436137518994214
-0.7312065944157254
-0.5065497430064453
-0.47660497149667197
-0.517809967814289
-2.1988491558897576
-1.3296602601990934
-0.539221555457676
-0.09182924400169694
-0.17224711584374458
-1.4333588241338198
-1.347996795872243
-1.4261906163730167
-2.4247770298826414
-2.5789858890467285
-1.7677146650969824
-2.490376940155965
-3.1449270146714268
-1.2189609400281007
0.27739917403884645
0.40863556144316426
0.14227968060897667
-0.13156126270711116
0.4112044309459338
-0.026378952468589824
0.12599721300009667
0.6298049245980571
0.3626101028816936
0.4116952900592804
0.667859741540451
0.4109484066694539
0.6346763340477221
0.5841635620259323
0.5775395178256665
0.8235372993322095
0.4140595777713944
-1.4556808567131443
-0.8649635029484014
-0.28839900029673043
0.09613967847584724
0.05315029912389292
-0.9397132355149453
-0.6757264356286017
0.4024173354253355
-0.16450667809756164
0.6823930763167491
0.7629017457328083
-0.23385347235891432
0.6329777018742975
0.7287978397222629
0.8275702954443094
1.0426593456013158
1.0565785196349722
0.8976382943455101
0.7606282937523219
0.7834953490507676
0.4252241497899109
-0.40442835575329994
-1.8332289188629916
-1.0758676866216024
0.25832609554883224
0.4892768349202633
-1.7634172309564484
-0.9305764998034333
-0.518690755295773
0.007834824905601983
0.35704578957865657
0.2748595830296466
-1.7336189937893474
-2.5935477162719196
-0.6540905407503272
-1.802651130965646
-1.3130493732915394
-2.033414906902901
-3.1782728995177085
-0.8188452951597357
-0.5873635019393693
-0.9845755023438326
-0.35397497641530495
0.28849596480172524
0.31511002844990355
-0.12245478704692127
0.23762832748920878
0.43777580372495034
-1.3097953404037952
-0.5603672341725149
-0.17766772134826783
-0.4780858799074376
-0.8616615630936161
-2.550253294934053
-3.3213507698130753
-2.113402188194049
-1.5779162967570743
-0.6765358973944308
-0.4243529324252367
-0.6860570743776038
-2.5085540606194123
-1.4299612083424342
-0.42899790213296474
-0.22399052263461766
0.18896004816619166
0.25403466132094177
-0.07478886043634296
-0.7777970774306812
-0.9894096626203355
0.18341124703385078
0.3573923660825772
0.1856988341532999
0.38574935016419104
-0.1960269023246282
0.05036333835078947
0.009922266896868826
-0.08162729564034013
-0.23486557133502833
-0.793505331861286
-1.8671915919220912
-2.5454825390290203
-3.418478469550649
-2.6110103719889106
-1.297973579048892
-1.1351252846969533
-1.8952378944808832
-2.406072922523361
-1.4227636845309168
-2.140647283937818
-2.946241317014454
-2.2199700324008536
-2.5058974730618453
-1.8788874612136655
-0.033912928964911535
-0.7975698626304271
-0.44674058510214076
-0.3001138497719647
-0.9353911358838859
0.13985141293416126
-0.1554608811188582
0.2928840082406154
0.6365553667100204
0.8140400969370241
0.2830258427654175
-0.12546932697261653
-1.115621093822901
-0.30598886503781764
0.043497474681470485
0.2550278209100391
0.06570727174939449
-0.7099282672854813
-1.4329494708190906
-2.0202529915492926
-0.7634949112801533
-0.8178799807185799
-0.8149993487367375
-0.7381378109768821
-1.5945521078534235
-2.603689354940812
-3.396968768711195
-1.1659090194244948
-0.5455993946580222
-0.5578036401012799
-1.6374074023426683
-1.0923827384717328
-1.8721065129465126
-1.6069086062947835
-1.8471848788746859
-0.7710252750976491
-1.0037473928334637
-1.353963355576651
-1.390931285948098
-1.8202390733446474
-0.2637489780854175
0.2108988469789336
0.5293685673488725
0.5299765412299724
0.38766451310637645
0.4556412378851557
0.4386744131255356
0.33613134212504275
0.4757997262265142
-0.6157241111415427
-2.7026051570618823
-1.1533239682427137
-0.5107314457705195
-1.0089006684369932
-0.8333430485185592
-0.8386644215131562
-0.3305435772516027
-0.8708593587568091
-0.7719389106409789
-0.9573345808911691
-1.944851563171427
-2.943857291133679
-2.800175696727692
-2.0014098199297026
-0.6025822363594805
-0.3392431621455743
0.2598815061865201
-0.0037256426911222843
0.2949278682227141
0.41127834506622923
-0.19552678981724606
0.3133894187270557
0.031948931136733826
0.4510323975789507
0.3306905360680947
0.6387068344088738
0.16437725546829118
0.5917449488157726
0.6377430132958589
0.12625205752093718
0.4063547582369881
0.4970745248870118
0.5225490967033398
-0.6008607115113068
0.022078683514269094
0.2950509986647206
0.3910873547065824
0.5883721452990365
0.6384538937800428
0.20537201616739903
-0.2082305465951131
-0.6112975133331344
-0.5472209070229592
-0.4891771477798911
-0.36849256773239425
0.3317209212334977
0.35569079019759686
-0.2306282727300407
-0.6556757750544542
-2.111522496140331
0.06782971216154314
-0.08967208246285131
0.1648162316082318
0.17965977231763688
0.07262430908576996
-0.5308772541038859
-0.7062501409306406
-0.7690693534101644
-0.010224388977413445
-0.2936624818985841
0.0034106416645955104
0.1852395970463871
0.5365113589600593
0.3672023224675232
0.3610641394498587
0.4898721395567528
0.19825235013957496
0.2950875670819175
0.06239311065257935
0.2927373536299679
0.36773128109242714
0.5091861461511923
0.1738673597904238
-0.21240786319346447
0.20819160891858804
0.33797020635483505
0.2516349891604631
0.1705953842889858
0.06891074750002626
0.4130940652207373
-0.16957694481589705
0.0897171171574028
0.19951122868947316
0.1823277921645556
-0.8035828363844769
-0.2937801138129314
-0.32073012178047117
0.03550132990402049
0.0506707406335879
0.003362228075436531
0.04788142680851707
0.044329851854220836
-0.14279576879963787
-0.4137655410418068
-0.5451346895378847
-0.25891609558932893
-0.9587416512771444
-0.026509493163048625
0.5335203217834019
0.31958811725367336
-0.3535085876231103
-0.5809828855520521
-1.0485517604715067
-0.4542815166623679
-0.09771515406409426
0.16962450738808404
0.03071649249225179
0.13397220624343056
-0.404327886218043
-2.334070823210897
-1.7283174512938018
-0.4776902396099407
0.1405903082882828
0.06961209286827125
0.29794368612779437
0.06711179584540401
-0.21389289538574935
-0.20948817805634562
0.07229753432909429
0.13081955688884625
0.09596144498296721
-0.5065102608834033
-1.2193715713422006
-0.40035981163593626
-0.34820752982238135
0.014742389288382753
-0.013939635589843827
-0.354610767689656
-0.13845787713847882
-0.3825047041045863
-2.028938908226294
-2.42647134242729
-1.5990451799509449
-0.2819492304385594
-0.11748603780543931
-0.31533116978809433
0.1728045126233706
0.3867558099887191
0.4591312832071453
0.09464784107214566
-0.5017939137507974
-0.6788073913504338
-0.46982571278086305
-1.030179139796388
-2.6090368843782508
-1.5958357808692392
-1.1913563386806179
-1.2496345483848974
-2.1409011894210197
-2.936781451498502
-2.2542036885001115
-2.5887158606569733
-2.6592155295938524
-1.1953764197130283
-0.12486947131929448
0.019154908246918123
0.12621707847468472
0.24972552089685546
0.15420378701132836
0.12220122423407966
-0.6384677224668838
-0.8710452997574957
-0.19772971194988667
-0.21948588894318657
-0.5936169682701898
-1.8453784012800833
-1.2751561874398274
-0.17955406425269518
0.26720311120823065
0.5296099812931467
0.5118378109610547
0.3063175019987741
0.5169569458324039
0.6965860962392015
0.8920612385941971
0.6539052891102087
0.4259567319005945
0.6982155416272035
0.7246276370564189
0.6512029411869821
0.07255063055179536
0.32666840793672397
0.5121940947500596
0.515541542523418
0.41334191010459015
0.32670673610171946
0.20225025768874136
0.392044945430388
0.368999471148426
0.15976574874335123
0.3471945837598012
-0.08944785755225718
0.10596361209709948
0.1912065970220039
-0.01020454472129409
0.2848831505217498
0.4927087205697486
0.44672847776394453
-0.03767983812018867
-0.23758066956992632
-0.15582854790979053
-0.9823894088541214
-2.2729994661958193
-2.8296827183988427
-1.3486883192502344
-1.5001933120143423
-2.9166298057210365
-3.300379388554024
-0.8516093906319803
-7.119872131021493e-05
-0.2073740939366589
0.16397803110569553
0.19132494703585443
0.25385720124299854
0.16838398920132988
-0.9731143608085142
-0.8305226281616127
-0.19486983915238795
-0.26857951287909276
-0.3830456695242535
-0.2554555606861924
-0.7314562866727581
-0.11455395728058206
-0.08901656960617074
-0.8744421687391876
-2.1105742343235394
-1.0643194952829922
0.22450563221214134
0.14911009934921005
0.268198848677125
0.5495428589951011
0.7068179120200307
0.3553444218122162
-0.9870518627788452
-0.48297589152143117
-0.0053682566027395216
-1.2674571568006283
-0.3182326756641451
0.21437412066806893
0.01536401979034959
0.25721147205028333
0.2559990583800184
0.3258528541805842
0.46323999515755343
0.3544495539756892
0.2638507171497546
0.009113559650887667
0.3935321544871612
0.05229985585008098
0.15185226261255794
-0.18596664222357898
0.19763333969446398
0.14305721096334814
-1.5883129034574495
-2.6319971285249424
-2.500725402244274
-0.7632524449079041
-1.356165971957632
-0.08461714648255848
-0.13973173307324013
0.1250366390189969
-0.025968627324756983
0.14335903986908852
-0.1186205597057864
0.025306574854264602
0.17790045725946424
0.10103256199805082
-0.8639713335120973
-0.4248740126933718
-0.45484112145203687
-1.2024470293420886
-2.2475616086802535
-0.9459492921045342
-0.1360719877143715
-0.7813324489227972
-0.6337899066337596
-1.858170190848868
-2.6102247108604004
-1.6250093772092042
-0.5216957322194923
-0.4197337092160329
-0.14759521230518255
-0.49467414250615677
-0.5330307079866546
-0.23733919679825863
-0.06128896230061751
0.00995541876313223
0.09079095971668953
-1.2464451177949198
-0.5181327961369535
0.09790829946384505
0.06065909755640934
0.2814671837954231
-0.32856901278378686
-0.6272962709826382
-0.7458009800425428
-0.9168787089106777
-0.8482041205365256
-0.5309770935345096
-0.3707279879219139
-0.5373902066354866
-0.03615233481180181
-0.10760920055334551
0.35319633215550283
0.7418881844838968
0.7102401127415331
0.7240961040612516
0.6585674002009737
0.7058276147965794
0.5165302324858149
0.19901656815440422
0.0307859860524854
0.34400122021058616
-0.16747678164921997
0.23305607878269177
0.1628239606207273
0.3322675647609238
0.5704931968296858
0.5999392642673752
-1.2215545811850783
-1.7664323055315145
-0.06181687107535231
-0.9434981106218093
-1.1231335665084743
-0.49620683899550394
-0.8176097207873644
-0.6940240776972563
-0.21190918301512401
-0.2555574589410012
-0.4027573828632779
-0.7427036260958175
-1.0398800682957539
-0.686525832409455
-1.721454546214526
-2.8586319836055445
-1.6220235784205657
-0.07780634932057018
0.3316892044411767
0.3490937797026721
0.40126873918286454
0.48114356988036183
0.671770230885457
0.6679702882535367
-0.037485524490307495
-1.2508124620441592
-0.21357370204609355
0.41491684073301666
0.32137893216034413
0.1961061110581421
-0.8065501969325665
-0.34947540419385476
-0.25610054361495865
0.2202262360872088
0.4803081664841158
0.22694500194154973
0.5399151975175259
0.37274512893886597
0.23748627247151402
-0.28329915458021887
-0.679855302134551
-0.699816005796041
-0.7450688158347525
-0.33454242360280395
-0.058301591593893094
0.3184970597771234
0.1155662413220327
0.5382441465030957
0.6978438257783265
0.9311523600598496
0.8203759944637914
0.9644649831760935
0.929735851768856
-0.4614935684166052
0.4891518576501762
0.5484273103469565
0.49659738148499694
0.21448868803838939
0.07855450312411048
0.22292292587910034
0.11766111703054374
-0.19819154073123385
-0.3805165669742782
-0.14711357886969617
-2.679595583917056
-1.913674969854298
-0.43641687516856825
-0.35955366342204204
0.05834087368506056
0.31778100111102336
0.40305310592301863
-0.9101578103941856
-2.903803270351472
-1.1935018443224805
-1.6250645483967472
-1.8284531104457464
-0.6670233707915217
0.1582818107516231
0.4529819486063082
0.2891508761590563
0.16712608837745221
-0.6026586642029202
-0.1676201016853856
0.2131335292092487
0.17292219220888888
0.13723731464832895
0.4627596509986986
0.5943391615094614
0.23648238965990562
-0.2859476333289082
-0.057540773319555906
-1.0764253859250392
-0.0247036791497415
0.19300928512853807
-0.15578875801236952
-0.6578467500896256
0.21749340074152643
0.3536094606947851
0.17052132551702956
-0.6523746973725781
-1.2107390446021984
0.45748255356207446
0.6037948913782214
-0.4149015085887138
-0.718583126410369
0.07735265729503119
0.32822174371236423
0.5455642736853623
0.34852679858358443
-0.6016902396467084
-0.43185926655413687
-0.10262357191352937
-0.2809138428984849
-1.5906661451207236
-0.32353511409371843
-0.4209250557742781
0.14203969404589625
-0.16166830844581823
-0.8300028940966518
-1.3034625289845487
-0.4117710517821659
0.39890910932135754
0.39034741633131487
0.40993468958668516
0.727265092554635
1.0278917138236523
-0.18856273621107514
0.25696261307851126
-0.4250627226800835
0.08166173429396205
-0.5441223952169741
0.6036700448006863
0.2664417560248502
-0.6393797282743757
0.005635231321974187
0.12530833310458464
0.045349605357235596
0.3522788440922318
-0.3046365859388804
0.6930968378096026
0.92847501593452
-0.016218030313041896
-0.5459925600631496
-0.730158563413205
-1.0786173025954497
-0.8592366656158258
-0.7131249505530798
-0.13478819470057637
-0.005992287342951068
0.2385857536430136
0.27513918862952663
0.0906190237965859
-0.44394038093244753
0.29939886114392006
0.2115662450824571
-0.18684222423767724
0.2775623669488771
0.057427091615612554
0.44093264053935133
0.13749309985727998
0.6072157675085188
-0.3803141603662506
-0.5882048694998937
0.09352824665927917
0.08614023360791834
0.22010158426097015
-0.3694678585410583
-0.636528951981651
-0.09757506830888572
0.27973656588019435
0.44515996451303197
0.7156912969897863
0.5360304725752029
0.35017343155198855
0.671221303243915
0.7551474993114561
0.8831869792784419
0.5891410366508022
0.5882087202705045
-0.8365293578011046
0.04775934630901558
-0.8365355701295158
-0.1398429945032527
0.2333447900847545
0.44856918993508554
-0.32065903263215645
-0.7763051221264873
-1.6883072181891354
-0.64023465575128
-0.026877257665187667
-0.030533133330946777
0.07009260301013938
0.15795926837024507
-0.2819087411897002
-0.26511043580937277
-0.042954526053210866
0.1723192606544624
-0.09381426042085649
0.4712552318996961
0.2648141874275837
0.9788842615202542
0.9926775000383303
0.8799245822223282
0.9379808755677838
-0.10453552864089789
-0.31090591230464487
-0.2624782174586627
-0.1327243255097097
-0.26849975619149047
0.4765088372666521
0.5925952430238615
0.8837546873061699
1.0477954863376977
0.9485819208600604
0.8594745784224195
0.3875948925983693
0.7802220500643384
0.667611566012783
0.5655922048317953
0.15276867543559294
0.3670675223962304
0.2003600253336297
0.19246104903293842
0.3386861901485796
-0.48731964033207337
-0.15622497318524564
0.16724793232235982
-0.36983625340274734
-0.5337566218773377
-0.49779060971447103
-0.32747809129818833
-0.8339809756162542
-0.37696685896828674
-0.2615983074851482
0.10905454344511172
-0.015631540804536635
-0.24136714701909828
-0.1857151136200871
0.06624624381145505
-0.5399630694536464
-1.3333901855052612
-1.5544798464801073
-1.0758959847837002
-0.8500767850542807
-0.4708841226911362
-0.48286984903906743
-0.5997713306939334
-0.8188272224569845
-0.7021199670920983
-0.4465417046959321
-0.10190312558336467
0.02566213974281454
0.22733629516886306
-0.05316554799587569
0.05969208204415088
-0.10491136545606962
-0.5263446184688637
-0.34293114875019365
-0.7043994762292632
0.32363009312101443
0.4044642711920033
0.4317248458234234
0.5999864127470512
0.4579717958807807
0.20853924307361055
0.4764410399157068
0.46914602306824993
0.5598363436949991
0.680213247259746
0.44807108366261106
0.48633299991000234
0.4343437644092174
0.23545278000102107
-0.29079069188119844
-0.4849418040866849
-0.05653740868838759
-0.510788741023529
-0.3107499398285958
-0.31758849165844477
-1.7217024415805342
-1.583613855811487
-2.407630674123495
-2.761070522015591
-2.6560676273795445
-3.03015785724103
-2.2214632531076064
-0.482091564626442
0.10859052394902602
0.23716019436945754
0.35462680174158984
0.32973971413872094
0.2581720412665787
0.5637842850085242
0.6366641330201146
0.39478552676738693
0.2515368551394551
0.2428196426067637
0.06579858541015594
0.31718393352272756
-0.2452555019407307
-0.27572971298468096
0.3015312154435423
0.3709044994789574
0.15334029506274618
-0.6676072624951351
-0.2209774208495852
0.05928569406454487
0.4020052245263672
0.5267858458568528
0.6400359373049334
0.727109043185682
0.5644845978432309
0.581405667760981
0.5229433046570608
0.5432775462034708
0.14374649293613814
0.41482517868793417
0.6236997458720587
-0.11987075836162624
0.2379548929225384
0.07619230681115795
0.2532285697974329
-0.4921010627405619
0.1679690284650675
0.10378978882167023
-0.5266854594363037
-0.21316505130543378
-1.1016381691821537
-1.5745073127524838
-1.244776953073099
-1.6474190951637089
-1.2656739426576886
-1.2964386171878661
-2.399270007397958
-2.5123872918455676
-2.5727103525110886
-2.970030292470652
-1.4627469863524631
-0.20294234461653485
0.3736772330248873
-1.2622352189647434
-0.2636927255358636
-1.3915248997821934
-1.6128092252559196
-0.11588715614566739
-1.6990374187039772
-0.9056320097846591
-0.09430468133772464
0.5081145430578303
0.24820783908219107
-0.18854141494169627
0.0490744718057076
-0.843085586233572
-0.8385764800790233
-0.6108822972846849
-0.3719331877572757
-0.7310840932367598
-0.145081712017737
0.15099902868451337
0.25851237311802233
0.20430342782451708
0.5108223935661181
0.5583408779921126
0.6275033044008314
0.2773293385206173
0.25356956067460024
0.09111571066739647
0.048462646955986115
0.45839312183990205
0.2133284460508695
-1.676360009946618
-1.847298014061639
-0.8627107103113382
0.10409015314143745
-0.24226737947636548
-0.22111560492499877
0.3886806833348527
0.4679770979627817
0.5424440534239564
0.7018456928695443
0.5666500400738756
-0.4345170702963891
-1.2405386922829655
-0.190164086707843
0.31200784413232857
-0.7283263932902964
-0.726042803921899
-1.100344813351677
-1.8332574873625023
-1.8238812363225436
-0.9796235123019531
-1.1900967695443598
-1.1436951732222103
-0.799614106205407
-0.34568657233998723
-0.02234187488594325
0.3431807113915967
-0.22866707526160343
-0.47038931226054226
-1.0328371732012955
-0.5725626648951626
-0.9558633647407502
0.16290449238245594
0.003588218507856191
-0.5301372916489581
0.20454885289619298
-0.9900555665716778
0.0022510667775246618
0.6065771774062612
-0.8089632469786707
-0.8508900900540556
-0.4322560287478396
0.010799687283293046
-0.4993272932251976
-1.4668827998555363
-0.8671550624782561
-0.41763085921772275
-0.5884046204690371
-0.5039172969400592
-0.4091595325557526
-1.406622975058383
-1.8344294956546408
-2.5581905514660774
-0.48319838337740134
0.16212577431150824
0.4632926806146493
0.7374731213834871
0.24165776591967306
-1.0098110141428513
-2.037944930307815
-2.128117410915911
-3.0352099719735692
-1.5885801147022067
-1.074482880462978
-0.8744578325436004
-1.2127069500158991
-0.9523476027456518
-1.531011555923421
-0.9093783121338773
-1.7323487595129596
-1.404143365920071
-0.04865754824653601
0.44180136858065844
0.13412022375310842
0.07426322253010778
0.5753146153822669
-0.3323564677864707
0.18663692733330853
0.1204045372905025
-0.3123317453479485
-0.7209996153045977
-1.0318066539772741
-2.4831709384575364
-1.9570726102417844
-2.2896655089680777
-2.4858504403783885
-1.893321849584265
-0.9637067748890439
-0.7523556237301398
-0.39869103347609797
-0.753169954823468
-0.49034333333757385
0.1435234119044366
0.13046166000423737
-0.7649681361270607
-0.7265613938665052
-1.2237194289861317
-1.6480976694824991
-0.4165972409579461
-0.8030839104626993
-1.4801734552202024
-0.8896767548506563
-1.5632032688754194
-2.0179974082267536
-1.8953770748164518
-1.2975672177886362
-0.8323464086158341
-1.3021910834158632
-1.8672953617253438
-1.888738908758094
-0.6390632600842546
-0.20978744211232012
-0.24122637051525206
-0.7550092620390403
-1.5534198441712441
-0.10842661542518746
-0.1260691502869569
-0.09939435010023558
-0.05598970008034328
0.06724678680057344
0.4368598882234096
0.7543980043127625
0.24857740228827957
0.7674887510676618
1.1439402974001618
1.0586353693691817
1.3983180998301548
1.7003538309761914
1.642836199182624
1.196942519518751
1.2787085160590868
0.16260878811683593
0.8061052712797492
0.03487960188046958
0.7187597886654682
0.19244696307977596
0.5248941230083446
0.734727484530646
1.2517678965080112
0.9895671682388263
0.5903922836827576
0.4510168384904064
-0.5484071710109618
0.0019294738129102967
0.7504876727806946
0.21961345144135805
0.5589872483073286
0.26725769956453044
0.5107114643967606
0.9076189886106387
0.9597775283372336
0.8714830627408672
0.9305779805597216
0.8423101613466406
0.986109353857221
0.6339287338488637
0.9922098817188891
1.0280725290889974
0.850016099494462
-0.5294359220145237
-1.1710560796602054
-1.6850047103066752
-0.3623727673649685
-0.7029085540457229
-0.21345749050335353
0.5274886841182963
0.7294065859121321
0.41224467453600594
0.7560760720061991
0.4516221654137577
1.1686024187204322
1.0499789052076935
0.7442383876814588
1.121724531679829
0.9077537076174504
0.9486902123601048
1.0062644544303283
1.1259537791786827
0.9439296828264256
0.7478485711372881
0.9339873435229155
-0.5178464783915949
0.4743552690812041
0.832294392319875
0.9342410016886485
0.5779589418510845
0.6375853702258586
0.5930509577020031
0.7273579567502917
0.8052470838536612
0.9147542247064491
0.7495142655488092
1.182069222486508
1.159997175814944
-0.048746089859802964
0.7739001609326366
-0.8989313308157484
-0.06114371660529627
0.5829361579029734
1.0469266805964093
0.9191493749322568
1.25089810563868
1.2274178263594637
0.5215226871769106
0.8514234541004513
1.4298453754941813
1.4157175352676403
0.9144934979814426
0.06171755027658175
-0.4125096460992731
-1.7679989078842062
-2.069823245094584
-0.15950010513548293
0.9977360817581132
0.9154105738472891
-0.6503700425703273
-2.167679184298373
-1.955759169355278
-0.773435863193174
-0.7050398486890933
-0.8679298007600563
-0.5647342040139602
-0.7162500851457032
-0.2501424308964376
0.4303671330061959
0.1870835968064859
0.48979020728307254
0.5825279955393373
0.6024840795237539
0.8285506923508839
0.5105392252397944
0.9097571966471537
1.1567231164902694
1.0380406353189129
0.9279573374051332
1.407898440122034
1.4620828519921807
1.2386112159360156
0.021388808472430583
0.1273318071910163
0.1372566560918223
-1.2187770771260553
-2.0681044889767337
-2.810278717559675
-3.585758470971026
-1.1214155439802997
0.2324288584508062
0.6035917923761749
0.6935148545203387
0.8815888162817777
1.0632446907432347
0.8392517205125978
0.8011518803444275
0.6557928228739981
1.1288062181263734
0.9706275815290185
0.22414438069054543
-0.08874059120674586
-1.2437251826390574
-1.8553720189242697
-2.147323373233544
-2.0375482155169067
-1.516805380729174
-1.2212870381799885
-0.9611007610293286
-2.046179213501583
-0.9814738840229947
0.053765932140750504
0.14305182388897159
0.7213874963825206
0.26184045320665456
0.025328641965602926
0.14617190672821131
-0.16647248309389712
-0.2900300609897518
0.19594381910945446
0.39157688614054337
0.5267365833302637
0.5173877274753129
0.13639604515569775
-0.767197565819593
0.5600473718173806
0.7022378776707233
1.1209771413583873
1.2892353247234396
1.4793361042886597
1.4801863819102885
1.5151146560381448
1.505566226221805
1.5121550553760723
1.4289129007921997
1.499409261756727
1.4104415546563067
1.6432564009699344
1.4381573121694458
1.5793038311304894
1.6559263093283707
1.853156897729015
1.5212540133988042
1.8522515096982854
1.8870119928841547
1.7687239845303817
1.4011686996279857
1.5925752722771649
1.4360484471311772
1.124883159952375
1.4927139733503803
1.370123279811968
1.5712098808247041
1.626673098962345
1.7426145381623503
1.5655275937293627
1.9187705957981565
1.436874437777781
0.9010532565043051
-0.11366554014618044
-1.9310737594404712
-2.6334221252093934
-2.2346412215003024
-3.0503479959084303
0.21312514988273573
0.8328098266862494
0.617975932000728
0.31285410583874734
0.5572061112331518
0.6694544362348486
0.3878980469161607
0.7432249613936185
-0.07112349080254617
0.2506726159233189
-0.12523102644219702
0.15057613939170955
0.4372029368865068
-0.3345561515731571
-0.6660809404179825
0.16082494754494966
0.9505707182760489
1.0126663891931555
0.2588768290558897
0.547823537186496
0.5329584602881108
1.0630401658233393
0.9171054543563211
1.146362771564143
1.2365196260129814
0.5148655379806055
1.1599968104654295
1.4730950668676261
1.3461446668995696
1.0625373165791787
0.8927706945514983
0.9328230858087456
1.0749981263194228
1.0518596628148569
0.9706001208252873
1.1277988937605485
0.9874361283868593
1.147928594797582
1.2941292586572248
1.2152817127135787
0.46696924669296797
0.7745058498019359
1.0223235041411767
-1.741229748131536
-1.7492297183648926
-1.3461459144748613
-0.4673830331614279
-1.1525558618663652
0.012522142316979836
0.1889940456034537
0.08628408376275713
0.9227715757150369
0.7260612635949327
1.0064665656863332
1.3042181763189278
1.3615730123211829
0.8256984609000293
0.5650850825790064
0.5567406346717141
-0.992832835756848
-1.7935243874703264
-2.488457141400502
-2.021968352436915
-0.028211523936143686
-1.8477122333879235
-2.085614128046255
-0.5906011766123838
-0.6973628925624883
-1.460428185580827
-3.127289723521838
-1.9589539342103632
-0.9927565972040059
-0.7821514658910041
-0.13564311136467674
0.04696002581013105
-0.46739694143198995
-0.7833092249517006
-0.978114828873094
0.014925672086891356
0.5435520226595885
0.8122507205099553
0.9711924400307106
0.8787763792885839
0.8992416884762661
0.8532579737838609
0.9205068507226118
0.29043771556114956
0.5463067523367979
-0.29015352918627973
0.4048110595233447
0.5273931123414456
0.3181282045424778
0.6932557130778837
0.9825986713357047
0.9687586351144729
0.3664345615309574
0.8024315765468322
0.7809266416680377
0.7671061776386647
0.1951182821496032
0.27303302691589776
0.2580479911098934
0.23259589378519077
0.22842272117609103
-1.367227227737804
-0.9007112781416932
-1.902327083906698
-2.4204235257491575
-1.2155880579845015
-0.7139049284791483
-0.6665270823637238
-2.4751653646341545
-0.6017144603824854
-1.225543713409154
-2.4900320213233975
-0.37059188287091954
-0.19159774615679645
-0.4513023241916287
-0.4718096688447879
-1.2273614595635938
-1.0590317054150422
0.01871360000649619
-1.1615320387738008
-1.4154249646249784
-2.4174966256300405
-1.6702180973473364
-1.947081853246385
-0.6664598603551982
-2.818269712690771
-0.9058223788978639
-1.9400872331310184
-1.9081314162703158
-0.13729441516605348
0.7156955634813108
0.8522996999461415
1.0707256979489748
0.8980596613367998
0.9270320256684049
-0.31370966336903955
-1.1606507178468848
-0.5848412277379784
0.4684147595013503
0.7183790750033705
0.5889580821807691
-1.352852676443256
-0.4932590934102497
0.5513668150064525
0.6360845166783314
1.084202811728536
0.9199969784165033
1.0652965576715887
1.0314510363801126
0.9534489348033087
0.9746265894786706
0.9125812243799226
0.9245309959376404
0.9782493784755585
0.8276970196824749
-0.7597765825440728
-0.19644654852846968
0.45625502612217994
0.8794442711430667
0.2890379411608909
-0.6702278555125953
-3.1232742546041585
-1.181345970988626
0.19711632214278166
-0.8672030736752375
0.5247673511588183
0.7454013706103714
0.5637540251463149
-0.0298994794924199
-0.14339789299552425
-0.20493523781033557
-0.9516367546520037
0.10494817729350907
0.7066339080659204
0.7128040150965891
0.7495923414859547
1.0188124383358548
0.9997063916643621
1.1303497337923742
0.6363970305963892
-0.4804254185041983
0.13318026686726575
-1.241172229530818
-1.9780365229274808
-2.229560103427217
-0.1502465490942213
-1.8422514629124578
0.19114450833295285
0.621950088370921
0.9180597934039738
0.9270289927684079
0.6210679631982687
0.7693092071919397
-0.3096031804221796
0.6525375524606082
0.7743257749747271
0.3289511414920712
-1.2793017776008144
-0.28166985822747775
0.4508204805885729
0.0589898478120089
-2.437741095923404
-0.6909300928249617
-1.6787349310931294
-0.4256867654087779
0.5743874968034212
1.2149054389627263
0.9410280490133507
0.7873316020364606
-1.3161682440993143
-0.5042178723249243
0.5180660341610575
0.12496290520166191
-2.2360548189724874
-0.08487409004405408
-0.23969306346838845
-1.1032119568945553
0.24898554896348826
0.170702317051089
-2.0294342866631867
-1.9796074230106295
-2.9962992841549227
-2.357813939171592
-1.0979619255671047
-1.079363013251944
-0.7186286960958677
-0.7042799550720181
-0.8335503845654745
-0.8932081056673314
-0.7462769835847602
-0.2268221805324328
-0.7788922261710194
0.17432223540002553
0.01967199685739412
0.509228773962498
0.4301712232456801
0.10794069561458085
-0.44144412202582217
0.017153553315982086
-0.5799379261691807
-1.6259420713312072
-0.3068535314968351
-0.6418254047112188
-0.749813104252059
-0.18454976029350473
-0.9759114572995836
-0.5176090100967389
0.034805953521456844
0.6280550079510876
0.8302974909339541
0.9330861178251109
0.6918045450923611
0.805460975483454
0.2080528804131235
-0.1768686326040514
-0.1289966355665902
-0.5266722303830597
-0.4458956977478293
0.019868993690436373
0.17727042666634382
0.009837799598583361
-0.3872473678770568
-0.24263069668540035
-2.132607858343144
-3.188905617093361
-3.123519048596657
-3.0995105217923156
-2.82923343689789
